774
19 650 1.58509 0
650 19 1.58509 0
650 649 0.992459 0
649 650 0.992459 0
649 648 1.90126 0
648 649 1.90126 0
648 2579 5.68298 0
2579 648 5.68298 0
2579 26 22.4762 0
26 2579 22.4762 0
26 27 32.1411 -3
27 26 32.1411 3
27 2391 16.2473 0
2391 27 16.2473 0
2391 28 21.7442 0
28 2391 21.7442 0
28 29 30.0166 0
29 28 30.0166 0
29 167 16.3974 0
167 29 16.3974 0
167 30 12.7745 0
30 167 12.7745 0
30 609 33.4395 0
609 30 33.4395 0
609 31 36.0451 3
31 609 36.0451 -3
31 32 39.2962 1
32 31 39.2962 -1
32 153 20.8897 -1
153 32 20.8897 1
153 33 46.1188 -3
33 153 46.1188 3
33 189 23.8502 0
189 33 23.8502 0
189 603 18.2709 0
603 189 18.2709 0
603 191 16.2404 0
191 603 16.2404 0
191 185 35.1085 1
185 191 35.1085 -1
718 719 53.5033 2
719 718 53.5033 -2
719 46 30.1334 0
46 719 30.1334 0
46 320 48.2433 2
320 46 48.2433 -2
320 179 42.2049 0
179 320 42.2049 0
179 50 25.7749 -5
50 179 25.7749 5
50 68 31.9469 0
68 50 31.9469 0
68 591 46.9247 1
591 68 46.9247 -1
591 84 61.0102 0
84 591 61.0102 0
84 196 51.9517 2
196 84 51.9517 -2
196 47 59.9213 1
47 196 59.9213 -1
712 653 19.1912 0
653 712 19.1912 0
653 51 26.7019 0
51 653 26.7019 0
198 723 40.175 0
723 198 40.175 0
723 53 64.116 2
53 723 64.116 -2
58 59 16.6475 0
59 58 16.6475 0
59 62 74.3213 0
62 59 74.3213 0
33 601 46.6111 2
601 33 46.6111 -2
601 65 9.44455 0
65 601 9.44455 0
65 184 32.3924 0
184 65 32.3924 0
184 154 9.23611 0
154 184 9.23611 0
154 637 10.6669 2
637 154 10.6669 -2
79 685 73.2147 -3
685 79 73.2147 3
685 39 34.4723 -2
39 685 34.4723 2
31 697 11.1985 1
697 31 11.1985 -1
697 610 41.2623 -2
610 697 41.2623 2
610 631 35.7375 0
631 610 35.7375 0
631 117 39.0426 -4
117 631 39.0426 4
117 2388 32.9491 0
2388 117 32.9491 0
2388 118 3.8807 3
118 2388 3.8807 -3
118 90 75.3828 1
90 118 75.3828 -1
105 106 90.5709 0
106 105 90.5709 0
107 689 45.731 0
689 107 45.731 0
689 690 27.8513 0
690 689 27.8513 0
690 108 2.36386 0
108 690 2.36386 0
46 108 56.9785 -2
108 46 56.9785 2
108 638 28.3284 -2
638 108 28.3284 2
638 110 84.5873 2
110 638 84.5873 -2
2414 612 14.5081 0
612 2414 14.5081 0
612 111 57.6187 1
111 612 57.6187 -1
112 113 51.1781 0
113 112 51.1781 0
105 113 77.9693 -2
113 105 77.9693 2
116 114 68.7591 -2
114 116 68.7591 2
114 162 59.0169 0
162 114 59.0169 0
162 117 52.6962 -3
117 162 52.6962 3
31 119 42.5819 0
119 31 42.5819 0
119 120 34.4759 -2
120 119 34.4759 2
120 121 23.3997 0
121 120 23.3997 0
121 122 14.2409 0
122 121 14.2409 0
153 2577 6.91457 1
2577 153 6.91457 -1
2577 635 9.09683 0
635 2577 9.09683 0
635 636 38.2227 0
636 635 38.2227 0
636 637 15.3955 0
637 636 15.3955 0
86 155 31.6533 1
155 86 31.6533 -1
155 156 13.3274 0
156 155 13.3274 0
156 178 19.4408 0
178 156 19.4408 0
178 157 21.0712 0
157 178 21.0712 0
86 43 21.9493 0
43 86 21.9493 0
76 44 25.4838 -1
44 76 25.4838 1
77 158 48.4905 0
158 77 48.4905 0
158 94 42.5186 1
94 158 42.5186 -1
73 159 20.6885 3
159 73 20.6885 -3
556 24 109.643 -1
24 556 109.643 1
24 1 72.9561 -1
1 24 72.9561 1
1 2411 20.7785 4
2411 1 20.7785 -4
2411 2412 19.9964 0
2412 2411 19.9964 0
2412 23 6.96838 0
23 2412 6.96838 0
556 161 20.7268 -4
161 556 20.7268 4
161 25 9.042 0
25 161 9.042 0
25 713 4.60494 0
713 25 4.60494 0
713 558 6.36947 0
558 713 6.36947 0
558 109 18.191 2
109 558 18.191 -2
109 639 32.066 0
639 109 32.066 0
639 640 36.0551 0
640 639 36.0551 0
640 48 66.6709 0
48 640 66.6709 0
48 49 25.1391 0
49 48 25.1391 0
570 2424 21.0775 0
2424 570 21.0775 0
2424 722 16.869 0
722 2424 16.869 0
722 576 3.91016 0
576 722 3.91016 0
576 569 48.4731 -1
569 576 48.4731 1
569 445 26.3292 0
445 569 26.3292 0
162 632 42.4656 4
632 162 42.4656 -4
632 66 111.472 0
66 632 111.472 0
712 723 50.1975 2
723 712 50.1975 -2
723 34 67.8495 2
34 723 67.8495 -2
165 168 38.1074 0
168 165 38.1074 0
168 89 29.2082 0
89 168 29.2082 0
89 686 32.3545 0
686 89 32.3545 0
686 771 22.3897 -4
771 686 22.3897 4
169 687 55.914 1
687 169 55.914 -1
687 170 27.7462 0
170 687 27.7462 0
170 171 7.67909 0
171 170 7.67909 0
171 174 20.7373 3
174 171 20.7373 -3
174 164 3.20463 0
164 174 3.20463 0
172 173 19.6857 0
173 172 19.6857 0
173 164 14.1661 0
164 173 14.1661 0
40 175 9.77949 0
175 40 9.77949 0
2401 2404 10.1926 0
2404 2401 10.1926 0
2404 653 37.0391 0
653 2404 37.0391 0
653 107 87.537 2
107 653 87.537 -2
107 85 13.6084 0
85 107 13.6084 0
85 718 8.29293 0
718 85 8.29293 0
718 726 31.1184 2
726 718 31.1184 -2
726 38 21.5445 0
38 726 21.5445 0
38 39 45.6518 0
39 38 45.6518 0
39 80 14.8136 0
80 39 14.8136 0
80 40 36.4551 2
40 80 36.4551 -2
40 41 22.8654 -1
41 40 22.8654 1
41 789 29.8986 0
789 41 29.8986 0
789 42 25.0911 0
42 789 25.0911 0
81 692 15.8162 0
692 81 15.8162 0
692 613 27.146 0
613 692 27.146 0
613 106 38.6021 2
106 613 38.6021 -2
106 180 28.7485 0
180 106 28.7485 0
180 82 32.4963 -2
82 180 32.4963 2
82 655 42.6717 0
655 82 42.6717 0
655 83 61.5167 0
83 655 61.5167 0
637 716 24.3432 0
716 637 24.3432 0
716 181 68.2426 0
181 716 68.2426 0
181 66 7.35538 1
66 181 7.35538 -1
66 115 64.4167 0
115 66 64.4167 0
115 67 13.8471 0
67 115 13.8471 0
99 100 31.2713 0
100 99 31.2713 0
100 104 42.509 -2
104 100 42.509 2
104 61 13.765 0
61 104 13.765 0
61 62 56.1479 0
62 61 56.1479 0
62 63 16.3116 1
63 62 16.3116 -1
63 602 20.7307 0
602 63 20.7307 0
602 604 20.7269 0
604 602 20.7269 0
64 182 15.5167 0
182 64 15.5167 0
182 183 20.8614 -2
183 182 20.8614 2
183 184 29.0041 0
184 183 29.0041 0
185 78 33.4367 -2
78 185 33.4367 2
189 186 31.0028 0
186 189 31.0028 0
186 187 14.7318 0
187 186 14.7318 0
187 188 32.4091 -1
188 187 32.4091 1
192 190 2.3363 0
190 192 2.3363 0
190 191 47.1326 1
191 190 47.1326 -1
563 564 10.8662 0
564 563 10.8662 0
564 562 19.7543 -2
562 564 19.7543 2
562 78 23.1679 0
78 562 23.1679 0
78 192 33.957 0
192 78 33.957 0
192 188 37.2654 0
188 192 37.2654 0
188 157 19.6673 0
157 188 19.6673 0
157 652 36.7864 2
652 157 36.7864 -2
652 79 23.5958 0
79 652 23.5958 0
79 554 48.9771 0
554 79 48.9771 0
554 88 45.4988 -5
88 554 45.4988 5
88 771 10.1577 0
771 88 10.1577 0
771 169 47.215 0
169 771 47.215 0
169 197 21.7473 0
197 169 21.7473 0
197 34 36.1708 0
34 197 36.1708 0
87 88 67.9009 0
88 87 67.9009 0
198 197 66.8475 2
197 198 66.8475 -2
63 64 67.143 2
64 63 67.143 -2
64 56 68.731 1
56 64 68.731 -1
56 2517 27.6595 -3
2517 56 27.6595 3
2517 57 32.5446 0
57 2517 32.5446 0
98 91 41.624 0
91 98 41.624 0
91 60 22.6328 0
60 91 22.6328 0
60 59 51.7348 0
59 60 51.7348 0
93 97 31.2453 0
97 93 31.2453 0
97 563 28.0844 0
563 97 28.0844 0
563 58 33.4236 0
58 563 33.4236 0
185 58 13.4688 0
58 185 13.4688 0
69 317 58.7502 -2
317 69 58.7502 2
319 320 69.4416 0
320 319 69.4416 0
16 647 2.21469 0
647 16 2.21469 0
647 651 1.68848 0
651 647 1.68848 0
651 646 2.13535 0
646 651 2.13535 0
646 37 67.8432 1
37 646 67.8432 -1
37 55 81.1488 -3
55 37 81.1488 3
55 318 45.9644 -5
318 55 45.9644 5
318 17 35.8214 0
17 318 35.8214 0
17 559 34.0375 0
559 17 34.0375 0
559 18 26.161 0
18 559 26.161 0
18 556 40.1757 0
556 18 40.1757 0
555 554 68.926 3
554 555 68.926 -3
554 609 124.658 -1
609 554 124.658 1
86 176 47.3467 0
176 86 47.3467 0
176 685 52.3573 0
685 176 52.3573 0
685 555 36.3043 0
555 685 36.3043 0
555 615 12.6305 0
615 555 12.6305 0
615 87 24.046 -2
87 615 24.046 2
87 724 44.0705 -2
724 87 44.0705 2
724 198 42.1053 0
198 724 42.1053 0
93 678 4.78421 0
678 93 4.78421 0
95 676 7.964 0
676 95 7.964 0
95 96 22.819 -2
96 95 22.819 2
96 749 16.5399 0
749 96 16.5399 0
749 75 27.3692 0
75 749 27.3692 0
592 572 57.7574 -1
572 592 57.7574 1
572 809 48.0169 -2
809 572 48.0169 2
809 573 57.7803 2
573 809 57.7803 -2
573 675 30.8688 0
675 573 30.8688 0
675 585 28.6491 0
585 675 28.6491 0
577 578 36.06 -2
578 577 36.06 2
578 579 32.0822 0
579 578 32.0822 0
579 587 49.9443 2
587 579 49.9443 -2
587 584 27.0106 0
584 587 27.0106 0
584 569 43.3405 -4
569 584 43.3405 4
585 112 22.306 -4
112 585 22.306 4
586 587 54.5621 0
587 586 54.5621 0
587 573 28.3848 0
573 587 28.3848 0
573 806 28.1686 0
806 573 28.1686 0
806 693 6.91734 0
693 806 6.91734 0
693 159 4.20575 0
159 693 4.20575 0
98 593 33.681 2
593 98 33.681 -2
593 561 21.7751 0
561 593 21.7751 0
561 99 34.482 0
99 561 34.482 0
98 679 9.29716 0
679 98 9.29716 0
91 92 29.434 0
92 91 29.434 0
92 93 23.4599 0
93 92 23.4599 0
100 101 46.1345 -1
101 100 46.1345 1
101 102 81.5666 1
102 101 81.5666 -1
60 61 85.1775 0
61 60 85.1775 0
603 604 47.7252 2
604 603 47.7252 -2
604 605 13.7259 0
605 604 13.7259 0
605 601 12.5898 0
601 605 12.5898 0
43 607 22.5113 0
607 43 22.5113 0
607 608 16.0836 0
608 607 16.0836 0
608 175 28.7779 0
175 608 28.7779 0
175 176 26.7211 0
176 175 26.7211 0
42 43 60.4628 1
43 42 60.4628 -1
43 44 46.0414 0
44 43 46.0414 0
44 2415 71.8638 -1
2415 44 71.8638 1
2415 45 3.97264 0
45 2415 3.97264 0
45 2414 37.4753 0
2414 45 37.4753 0
2414 2413 5.47762 0
2413 2414 5.47762 0
2413 42 18.7888 0
42 2413 18.7888 0
2415 2416 5.70983 0
2416 2415 5.70983 0
2416 73 31.6601 0
73 2416 31.6601 0
73 750 9.01005 0
750 73 9.01005 0
750 74 50.0149 1
74 750 50.0149 -1
74 75 26.649 0
75 74 26.649 0
75 76 23.0173 1
76 75 23.0173 -1
76 77 24.9955 0
77 76 24.9955 0
77 78 39.9407 0
78 77 39.9407 0
569 793 51.6948 0
793 569 51.6948 0
793 567 44.8462 -2
567 793 44.8462 2
567 145 33.4935 0
145 567 33.4935 0
145 146 17.1292 0
146 145 17.1292 0
146 589 81.7235 5
589 146 81.7235 -5
176 177 47.4526 3
177 176 47.4526 -3
177 178 24.3698 -2
178 177 24.3698 2
613 319 49.6002 2
319 613 49.6002 -2
615 38 53.1435 -2
38 615 53.1435 2
631 632 87.3097 3
632 631 87.3097 -3
90 744 13.6367 0
744 90 13.6367 0
744 15 9.45922 0
15 744 9.45922 0
122 633 12.6637 2
633 122 12.6637 -2
633 2575 12.0591 0
2575 633 12.0591 0
2575 634 24.8921 0
634 2575 24.8921 0
634 747 26 0
747 634 26 0
747 153 7.39433 0
153 747 7.39433 0
33 614 38.8965 3
614 33 38.8965 -3
614 122 37.1618 -2
122 614 37.1618 2
122 2576 19.6505 0
2576 122 19.6505 0
2576 652 22.0762 0
652 2576 22.0762 0
20 90 24.6034 0
90 20 24.6034 0
90 21 38.2859 0
21 90 38.2859 0
21 22 81.5022 -1
22 21 81.5022 1
22 116 19.593 2
116 22 19.593 -2
116 565 71.4632 1
565 116 71.4632 -1
609 611 20.8834 2
611 609 20.8834 -2
611 610 20.5225 0
610 611 20.5225 0
35 36 38.2617 7
36 35 38.2617 -7
36 2221 15.6379 0
2221 36 15.6379 0
2221 37 17.4196 0
37 2221 17.4196 0
121 79 44.038 0
79 121 44.038 0
93 94 32.1695 -1
94 93 32.1695 1
94 95 31.6465 0
95 94 31.6465 0
80 691 100.128 0
691 80 100.128 0
691 560 6.21456 0
560 691 6.21456 0
53 745 27.8712 0
745 53 27.8712 0
745 746 12.2811 0
746 745 12.2811 0
746 54 42.2852 5
54 746 42.2852 -5
70 105 28.5159 2
105 70 28.5159 -2
105 71 54.0724 0
71 105 54.0724 0
445 112 12.3585 0
112 445 12.3585 0
112 2419 39.8595 2
2419 112 39.8595 -2
2419 71 34.0686 0
71 2419 34.0686 0
677 572 22.7351 0
572 677 22.7351 0
572 577 12.5666 0
577 572 12.5666 0
577 581 13.324 0
581 577 13.324 0
811 592 8.3069 0
592 811 8.3069 0
592 595 16.4552 -1
595 592 16.4552 1
595 580 18.9308 0
580 595 18.9308 0
571 681 9.15414 -3
681 571 9.15414 3
681 711 123.082 0
711 681 123.082 0
711 606 43.6251 0
606 711 43.6251 0
606 566 54.9852 0
566 606 54.9852 0
566 594 44.4217 -2
594 566 44.4217 2
594 568 12.7816 0
568 594 12.7816 0
568 580 41.6311 -1
580 568 41.6311 1
580 574 35.0507 0
574 580 35.0507 0
574 581 9.33226 0
581 574 9.33226 0
581 582 35.9574 -2
582 581 35.9574 2
582 575 49.4122 0
575 582 49.4122 0
575 583 45.6125 2
583 575 45.6125 -2
583 586 34.6339 0
586 583 34.6339 0
586 576 26.0246 -3
576 586 26.0246 3
680 600 4.08525 0
600 680 4.08525 0
72 748 42.0914 -1
748 72 42.0914 1
748 2416 42.6429 0
2416 748 42.6429 0
72 111 13.8789 0
111 72 13.8789 0
111 788 37.5036 -2
788 111 37.5036 2
788 81 26.6049 0
81 788 26.6049 0
81 560 36.8381 0
560 81 36.8381 0
560 719 96.0404 0
719 560 96.0404 0
719 689 39.8435 -2
689 719 39.8435 2
689 51 75.6041 -2
51 689 75.6041 2
51 557 36.3751 0
557 51 36.3751 0
557 2403 10.6313 0
2403 557 10.6313 0
108 109 101.744 0
109 108 101.744 0
697 696 81.1861 0
696 697 81.1861 0
712 654 62.5989 4
654 712 62.5989 -4
654 52 22.8289 0
52 654 22.8289 0
724 725 39.8251 0
725 724 39.8251 0
725 85 28.0292 0
85 725 28.0292 0
103 57 67.1599 -3
57 103 67.1599 3
57 104 120.578 -1
104 57 120.578 1
163 164 28.395 3
164 163 28.395 -3
164 165 28.578 0
165 164 28.578 0
165 166 22.0963 0
166 165 22.0963 0
166 167 22.6235 0
167 166 22.6235 0
113 317 22.0275 -2
317 113 22.0275 2
317 774 18.6748 0
774 317 18.6748 0
774 160 9.43907 0
160 774 9.43907 0
788 789 88.6408 1
789 788 88.6408 -1
809 808 26.1522 0
808 809 26.1522 0
808 806 53.7212 2
806 808 53.7212 -2
793 810 22.5995 0
810 793 22.5995 0
600 597 8.3517 0
597 600 8.3517 0
597 594 12.4667 0
594 597 12.4667 0
2222 2223 19.3401 0
2223 2222 19.3401 0
2223 2221 62.6526 3
2221 2223 62.6526 -3
34 35 82.9264 1
35 34 82.9264 -1
35 163 30.8283 0
163 35 30.8283 0
34 54 38.1528 5
54 34 38.1528 -5
54 2222 4.83295 0
2222 54 4.83295 0
2222 55 37.798 0
55 2222 37.798 0
595 596 13.6449 1
596 595 13.6449 -1
596 598 25.5109 0
598 596 25.5109 0
598 600 16.5965 0
600 598 16.5965 0
600 599 52.4999 2
599 600 52.4999 -2
599 433 44.7831 0
433 599 44.7831 0
433 2243 49.5501 0
2243 433 49.5501 0
2243 620 25.1572 0
620 2243 25.1572 0
99 433 41.2837 0
433 99 41.2837 0
71 72 20.1934 0
72 71 20.1934 0
2391 2392 61.1676 -2
2392 2391 61.1676 2
2392 2395 26.479 0
2395 2392 26.479 0
2395 2388 17.4035 0
2388 2395 17.4035 0
2389 2393 26.225 0
2393 2389 26.225 0
2393 2392 11.6632 0
2392 2393 11.6632 0
2396 2390 14.7071 -2
2390 2396 14.7071 2
2390 2394 13.0382 0
2394 2390 13.0382 0
2394 30 12.7276 0
30 2394 12.7276 0
654 2399 23.5896 -4
2399 654 23.5896 4
2419 2418 56.8713 -1
2418 2419 56.8713 1
2418 2417 2.97805 0
2417 2418 2.97805 0
2417 73 25.7322 0
73 2417 25.7322 0
2398 2397 14.188 0
2397 2398 14.188 0
2397 2399 26.4485 -4
2399 2397 26.4485 4
2399 2401 4.93024 0
2401 2399 4.93024 0
2401 2403 14.82 0
2403 2401 14.82 0
2403 2398 29.8264 4
2398 2403 29.8264 -4
