156
155
151
151
151
151
153
153
153
152
153
152
152
150
150
147
146
153
153
146
147
147
148
151
154
157
146
149
149
149
149
146
145
149
153
152
145
145
153
153
151
152
152
151
151
152
153
152
155
155
156
157
153
153
148
148
144
147
148
148
148
148
148
147
145
147
144
144
156
153
153
151
151
152
151
151
150
150
150
148
153
153
153
153
155
155
151
153
153
149
147
148
148
148
149
149
151
148
148
146
146
147
146
144
148
151
151
155
155
155
155
151
153
153
148
144
146
151
148
146
148
148
148
141
141
145
142
146
146
142
142
142
146
146
146
146
148
148
149
149
149
149
152
151
155
155
155
150
151
151
152
152
152
146
147
150
150
150
150
149
155
157
148
152
149
149
149
149
149
153
152
152
149
149
149
151
151
148
150
151
151
145
145
147
147
148
149
149
150
149
150
149
150
138
141
141
153
153
155
121
121
121
115
111
110
112
111
112
112
111
111
112
112
112
112
112
112
118
117
116
115
113
128
131
116
117
118
130
126
126
120
122
123
118
122
127
126
129
121
119
131
130
119
116
111
117
118
117
117
118
117
113
113
228
227
237
232
229
230
225
222
226
225
228
226
225
226
186
113
115
117
120
122
122
113
115
119
118
118
120
120
118
126
129
136
134
137
135
135
137
137
145
142
141
145
158
167
167
154
142
136
134
134
128
127
125
126
125
123
127
126
126
127
125
126
127
125
155
153
151
151
151
151
150
152
154
152
153
152
152
151
151
151
150
149
149
151
151
149
149
146
146
146
146
146
146
146
146
146
141
144
141
139
143
141
139
138
131
128
139
139
139
139
137
136
135
129
129
128
130
130
123
125
125
128
130
130
128
130
130
130
135
132
132
135
136
136
136
136
136
138
139
139
138
139
138
138
136
136
136
136
136
136
136
142
136
136
136
139
139
142
142
142
142
143
143
142
141
141
141
141
145
142
146
146
146
142
142
143
146
146
146
146
146
146
148
148
148
149
149
151
151
149
149
153
153
155
155
153
153
151
151
153
152
154
154
150
150
150
150
154
154
152
152
152
150
150
150
150
146
147
147
146
150
150
145
146
146
143
146
146
149
150
152
151
153
152
153
155
155
156
154
151
151
151
152
149
152
152
152
153
152
152
155
154
155
155
158
158
158
159
158
168
168
167
170
169
173
175
177
131
125
125
119
114
117
120
120
111
115
121
126
130
129
124
125
125
122
124
118
131
134
133
120
119
126
122
114
116
150
131
134
134
135
148
151
153
157
157
153
153
146
150
148
148
145
146
155
148
153
152
143
149
149
149
151
152
149
151
151
149
149
151
149
149
149
149
149
151
150
151
155
148
146
148
149
148
148
148
146
148
147
147
149
147
147
146
151
151
149
147
147
152
153
146
151
142
142
142
141
146
146
146
142
146
146
142
146
146
142
146
147
144
146
146
145
145
145
157
155
155
179
179
175
175
191
146
146
146
146
146
146
148
157
153
153
151
151
151
151
151
151
153
154
152
153
152
154
153
154
152
152
152
152
152
149
149
149
148
148
148
146
146
146
148
151
149
152
152
155
155
153
153
149
119
115
145
145
145
147
145
147
147
147
145
147
145
147
147
147
147
146
157
157
153
153
145
122
155
153
148
152
152
155
155
155
153
150
151
150
151
150
151
150
151
151
150
151
152
150
151
151
152
151
147
153
153
146
152
151
152
149
167
167
167
160
158
155
152
152
156
155
156
151
156
152
158
169
169
158
159
153
118
119
155
145
143
143
151
153
146
147
150
149
148
148
148
183
153
152
150
150
129
153
119
122
122
122
120
118
119
134
139
142
124
124
149
118
151
151
153
148
153
153
153
153
153
153
153
153
153
153
153
153
153
153
153
153
153
153
152
147
151
173
154
152
149
152
181
173
219
148
173
164
154
179
151
153
156
154
154
146
150
154
167
152
152
179
154
148
175
181
154
169
222
153
148
231
203
203
193
192
194
209
209
229
211
225
225
224
224
152
222
225
230
213
147
154
225
152
146
152
143
179
152
207
152
152
153
210
150
148
146
149
148
149
148
145
148
152
153
150
152
152
152
154
152
151
148
151
151
153
153
151
151
152
147
147
147
147
152
151
152
152
154
154
147
154
147
150
147
148
148
145
145
146
150
148
148
148
145
146
153
148
153
140
142
142
137
142
149
142
142
138
149
141
146
142
152
140
149
147
146
146
149
139
146
148
146
152
142
146
142
145
149
149
146
147
153
153
151
151
142
142
139
142
146
146
148
146
142
139
144
139
152
146
146
142
151
138
138
142
136
139
155
146
139
142
146
146
146
138
144
136
143
139
142
142
138
141
146
146
146
139
142
146
139
149
139
148
146
146
149
148
153
146
146
146
142
146
142
146
139
142
142
146
142
149
148
142
146
142
146
146
142
138
143
145
136
139
148
141
142
146
142
146
152
136
149
153
149
150
146
146
149
155
155
151
155
155
155
155
150
150
151
151
151
146
116
120
125
135
124
139
124
115
126
116
122
121
113
127
123
137
137
122
122
125
110
136
120
121
124
125
120
118
123
125
123
123
115
116
121
119
121
127
123
121
125
120
119
122
137
120
139
124
123
122
121
126
115
135
119
133
114
108
118
114
122
139
132
117
123
131
135
115
113
119
124
139
118
120
124
130
118
124
123
117
120
139
124
130
121
137
121
117
139
120
120
137
131
119
118
115
108
124
125
111
126
135
134
119
131
133
121
111
136
128
128
134
126
122
119
137
122
124
136
123
123
135
112
121
123
132
136
121
121
123
134
121
118
123
131
124
120
137
120
122
129
111
124
122
116
111
112
122
115
131
128
120
119
114
111
122
112
116
135
126
118
123
124
137
135
123
123
135
135
121
117
123
121
110
129
135
129
111
117
123
110
122
132
109
128
137
123
129
138
135
137
125
132
135
125
106
120
137
139
122
122
121
132
133
135
123
123
121
117
135
122
122
123
123
138
112
129
132
125
116
132
132
138
135
110
137
109
183
235
183
125
139
78
193
123
191
217
132
140
185
129
78
190
141
132
191
185
132
142
230
293
175
132
238
254
148
152
151
120
273
259
191
202
196
121
169
271
282
151
180
235
121
122
194
154
190
134
79
247
271
177
258
184
133
221
143
183
267
175
136
217
135
137
184
136
95
231
176
132
139
136
254
175
143
131
127
145
240
224
123
194
264
125
105
188
197
129
56
174
292
128
195
180
131
105
193
201
230
263
190
207
168
256
240
309
268
159
183
155
262
191
258
232
226
218
121
180
239
170
184
251
229
132
191
95
184
290
176
220
225
231
136
183
50
189
190
94
187
301
175
170
192
161
183
216
84
202
212
189
262
191
139
180
186
84
151
194
252
175
196
137
197
234
183
258
191
183
258
194
92
236
102
69
139
181
174
189
160
224
104
164
177
180
144
237
190
163
191
60
101
268
260
234
261
232
256
187
181
292
170
272
233
137
237
131
139
217
137
205
144
125
132
218
235
218
139
290
193
289
254
127
181
258
204
143
216
196
206
241
145
142
196
236
143
230
223
163
190
109
190
198
83
91
161
199
103
224
193
188
79
144
225
167
151
176
210
191
212
235
165
237
170
165
193
245
196
148
190
52
146
267
189
200
133
241
241
145
144
119
223
132
152
203
194
109
193
84
231
198
144
190
151
218
258
125
179
288
159
92
145
131
250
258
83
193
183
147
220
148
180
244
141
90
195
194
85
145
57
184
96
191
241
248
149
251
262
196
258
226
166
138
226
227
154
204
245
180
230
221
183
234
197
253
162
164
165
270
274
259
162
126
232
195
231
234
136
192
235
162
204
182
141
187
182
245
170
190
185
128
141
125
191
140
177
183
267
235
259
139
221
149
186
125
194
189
216
192
274
85
69
124
189
175
293
187
130
292
240
187
255
116
116
183
114
117
263
118
115
153
120
125
273
125
125
128
131
127
140
129
201
204
182
145
234
133
263
177
231
249
145
92
245
195
124
199
174
105
134
139
190
125
217
182
127
258
80
191
135
182
91
128
137
151
179
116
192
183
211
134
218
196
218
200
193
182
217
249
217
172
170
237
176
190
212
167
234
212
163
211
211
139
194
139
178
189
184
176
184
183
183
249
143
225
224
222
226
219
228
231
231
230
217
224
230
234
218
208
208
234
226
236
228
236
225
236
227
227
230
225
230
233
229
234
232
229
222
230
229
234
208
237
237
218
232
241
213
228
225
218
208
229
188
189
201
187
232
222
238
211
216
226
234
233
225
214
201
239
216
216
241
229
241
208
208
233
229
215
236
230
187
219
216
205
218
231
233
235
231
212
227
233
234
212
229
233
230
233
175
210
220
241
232
176
175
176
183
183
176
183
183
174
174
183
188
174
189
181
191
192
180
181
229
232
183
186
187
193
198
191
191
193
193
193
185
181
182
184
192
186
192
188
192
189
190
190
192
194
189
190
194
195
192
195
192
193
198
201
205
206
208
208
205
208
205
205
201
203
206
200
206
206
205
206
201
206
206
200
210
216
208
218
218
218
214
221
214
216
218
214
214
225
214
225
226
204
224
224
224
225
233
225
226
225
231
225
231
231
231
230
225
229
231
233
230
209
230
231
218
229
227
203
227
153
153
153
152
152
152
152
152
151
152
152
153
151
152
152
152
152
152
152
152
152
152
150
153
150
153
151
153
150
152
155
152
151
151
152
152
151
152
155
135
143
158
161
161
143
153
136
132
162
158
161
149
140
134
138
140
132
131
128
129
131
129
140
150
149
239
243
248
249
252
258
235
122
205
113
225
212
97
46
113
234
113
42
43
231
62
43
224
48
120
225
122
133
232
218
90
108
125
234
214
122
121
46
118
60
101
58
245
248
252
247
223
246
123
119
38
231
90
27
59
210
49
252
92
261
299
311
315
303
300
308
311
306
283
265
101
59
122
227
242
260
256
257
270
256
271
262
91
55
258
90
125
226
60
258
222
264
276
246
268
254
237
227
273
259
273
257
273
257
179
196
170
260
205
260
265
268
228
257
153
153
145
148
148
155
153
136
136
136
136
135
135
135
132
132
132
135
135
130
135
135
132
131
146
121
123
123
123
149
149
142
146
146
146
142
146
142
141
141
141
144
141
141
144
141
141
140
140
139
140
142
142
146
142
146
117
120
135
135
135
135
132
132
132
132
132
135
135
135
135
135
135
135
135
135
132
135
135
135
135
135
135
130
135
135
132
131
132
131
132
132
131
132
132
131
132
132
131
131
131
131
131
131
131
131
129
130
130
129
129
129
129
137
136
129
129
153
153
149
149
153
153
153
153
149
145
45
44
153
120
115
120
115
151
151
117
131
186
129
129
129
128
125
129
128
125
127
123
123
123
123
123
123
123
123
123
123
123
123
124
124
119
119
119
121
149
149
149
151
151
149
149
151
151
149
151
147
153
153
157
155
157
155
157
157
155
155
155
155
155
155
151
151
152
152
152
152
152
152
151
151
149
151
149
152
153
157
157
157
157
155
157
155
157
157
157
157
155
155
155
155
155
155
155
155
155
155
155
155
155
155
155
155
155
155
155
155
155
155
153
153
153
153
153
153
153
153
153
153
153
153
153
153
153
153
153
151
151
153
151
153
151
153
153
153
153
153
151
153
153
153
153
151
151
153
153
153
151
151
153
153
151
153
153
153
153
153
153
153
153
153
153
153
153
153
153
148
147
151
151
148
151
151
148
148
151
151
151
151
151
151
148
151
151
148
151
151
151
151
151
151
151
151
151
151
151
151
151
151
151
151
151
151
151
153
153
153
153
153
153
153
153
153
153
153
153
153
153
153
153
153
153
153
155
155
146
148
145
153
146
155
153
153
153
150
152
153
153
153
153
157
153
151
