104432 
104433 
104439 
104443 
104471 
104472 
104473 
104476 
104484 
134116 
195466 
195467 
195470 
195476 
195483 
195484 
195485 
195486 
195489 
195490 
195498 
195502 
195803 
195805 
195818 
195820 
195858 
195867 
195870 
195875 
195879 
195880 
195893 
195896 
195920 
195922 
195927 
195931 
195967 
195975 
195977 
195980 
195981 
195984 
196009 
196010 
197754 
197757 
197761 
197762 
197763 
197770 
197771 
200281 
200284 
200285 
202026 
202027 
202062 
202063 
202075 
202077 
202220 
202327 
202345 
202398 
202407 
202412 
202422 
202427 
202471 
202472 
202481 
202482 
202503 
202505 
202506 
202814 
202821 
202908 
202912 
202913 
202952 
202953 
202995 
202996 
203004 
203009 
203037 
203042 
203043 
203045 
203048 
203082 
203084 
203090 
203108 
203118 
203119 
203132 
203133 
203134 
203135 
203171 
203172 
203178 
203179 
203193 
203194 
203205 
203206 
203208 
203223 
203227 
203284 
203293 
203310 
203722 
203727 
203728 
203730 
203758 
203766 
203769 
203770 
203771 
203772 
203774 
203777 
203788 
203789 
203800 
203802 
203803 
203811 
203812 
203815 
203816 
203832 
203835 
203836 
203837 
204102 
204109 
204110 
204119 
204124 
204125 
204412 
204413 
204424 
204425 
204432 
204433 
204435 
204438 
204458 
204459 
204461 
204464 
204468 
204469 
204470 
204506 
204507 
204508 
204511 
204515 
204517 
204520 
204523 
204703 
204741 
204754 
204755 
204757 
204766 
204774 
204777 
204825 
204828 
204847 
204888 
204889 
204895 
204896 
204924 
204961 
205033 
205370 
205400 
205402 
205418 
205419 
205479 
205491 
205492 
205497 
205498 
205499 
205502 
205507 
205509 
205516 
205900 
205901 
205902 
205903 
205904 
205907 
205908 
205909 
205910 
205915 
205916 
205917 
205946 
205979 
208359 
208361 
208384 
209288 
209297 
209301 
209303 
211076 
211077 
211089 
211090 
212445 
212446 
212460 
218560 
218564 
218566 
218569 
218574 
218580 
218592 
218593 
218608 
223513 
223517 
223518 
223527 
225126 
225127 
225128 
225129 
225141 
225183 
225185 
225191 
244469 
244501 
244502 
244504 
244536 
245132 
245136 
273690 
273700 
284760 
284763 
287699 
287701 
287702 
287703 
287720 
287792 
287798 
294945 
295274 
303290 
303292 
306458 
306476 
306490 
306493 
306953 
306954 
307119 
307188 
307189 
307190 
307191 
307273 
307274 
307381 
307382 
307428 
307430 
307431 
307447 
309165 
310927 
310935 
310946 
310961 
310964 
311029 
311070 
311103 
315691 
323725 
323744 
323752 
324750 
324781 
324832 
328426 
328430 
328435 
328440 
328447 
328448 
328462 
328463 
328464 
328502 
328503 
542262 
689189 
975123 
975126 
3847450 
3847463 
4460144 
8086384 
8086394 
9277546 
10112883 
10311993 
10311999 
10312000 
10315095 
10777885 
10802619 
10815140 
10815141 
11148265 
11148266 
12076937 
12076946 
12076948 
12076959 
12076960 
12079091 
12079092 
12079094 
12079105 
12079107 
12079109 
12079111 
12079112 
12079134 
12081071 
12081072 
12081129 
12081829 
12081834 
12081837 
12081858 
12086350 
12086359 
12086416 
12086417 
12086447 
12086448 
12087604 
12087606 
12087608 
12087609 
12087612 
12090198 
12090202 
12090259 
12092587 
12092654 
12185622 
12190850 
12191110 
12191133 
12191187 
12191982 
12194074 
12207627 
12207679 
12207993 
12208887 
12852030 
12852055 
12852058 
12896897 
13326693 
13326694 
13326695 
13326699 
13340122 
13353263 
13497326 
13799073 
14404250 
14953607 
16014498 
19114059 
20917936 
20917937 
21258946 
21258949 
22406947 
22406987 
24909262 
25332292 
25332349 
25582039 
25582376 
25582380 
25676426 
25676427 
25676472 
25737027 
25737030 
25737090 
25769090 
25781266 
25782619 
25782622 
25878190 
25878191 
25878193 
25878213 
25947187 
25947188 
26191839 
26191840 
26200534 
26204780 
26220458 
26220459 
26220460 
26220462 
26673162 
26676114 
26676115 
26676119 
26676543 
26676544 
26676589 
26676593 
26676666 
26676787 
26676791 
26676827 
26676828 
26677475 
26677489 
26728718 
26728938 
26728948 
26728949 
26978024 
26978028 
26978029 
27297685 
27351504 
27461262 
27461263 
27591671 
27591672 
27591673 
27591674 
28097156 
28097180 
28097195 
28097196 
28097197 
28097200 
28143767 
28349899 
28349900 
28350820 
28350824 
28350986 
28350988 
28352416 
28352428 
28352496 
28352538 
28353018 
28353021 
28353113 
28353171 
28353292 
28353336 
28353444 
28353446 
28353493 
28353497 
28417996 
28418012 
28419076 
28419078 
28419120 
28419124 
28419370 
28419372 
30166207 
30166208 
32440808 
32440859 
32440860 
32440863 
32440871 
32444773 
32444884 
32444961 
32850204 
32850205 
33082690 
33082706 
35824783 
59770980 
68721849 
68721874 
68724180 
68724183 
84861976 
90337628 
90338005 
90342356 
97509433 
97509435 
97509530 
97509531 
106239630 
106240266 
106240276 
106240278 
106240451 
106242818 
107774052 
107776965 
116152024 
140548392 
140548751 
148798230 
148798234 
148798246 
148798304 
148798332 
148798367 
148798417 
151000282 
157399443 
169405721 
169648443 
169648445 
169648637 
169648638 
169650097 
169663999 
169686063 
169686067 
169686068 
169686071 
169697868 
169697871 
170607290 
170616133 
170625114 
170625133 
170626546 
170626618 
170629715 
170633245 
170633392 
170635185 
170635272 
170636216 
170636295 
170644470 
170644582 
170649008 
170649521 
170659925 
170789592 
170789641 
170814185 
170816546 
170819256 
170819301 
170819394 
170819460 
170820412 
170865123 
170865143 
170870940 
170870977 
170895022 
170895428 
170895459 
170895461 
170902850 
170903521 
170903951 
170907855 
170919968 
170920617 
170951508 
170951588 
170952757 
170965120 
170973108 
170974045 
170974118 
170974520 
170976807 
170978096 
170978131 
170978898 
170982111 
173958160 
174002482 
178995656 
178998702 
178998773 
178999069 
178999742 
179000526 
179000538 
179001173 
179001272 
179001534 
179001640 
179007502 
179007938 
179007939 
179008924 
179009003 
179009007 
179009008 
179011061 
179011465 
179026618 
179026700 
191842422 
206149097 
206149100 
206223889 
206224677 
206226603 
206226666 
206226872 
206227511 
206227517 
206228100 
206228123 
206228164 
206309965 
206310128 
206310864 
206932686 
206975287 
206977860 
206996501 
206996652 
207001537 
207006686 
207007842 
207010024 
208645444 
208645636 
208649920 
208654259 
208654330 
208656065 
208681711 
208685856 
208686287 
208697894 
208699549 
208699813 
208699895 
208700161 
208700212 
208700633 
208707975 
208711702 
208711909 
208788490 
208788588 
208790389 
208791105 
208863714 
208863803 
208867070 
208867229 
208885668 
210889850 
210889873 
210892142 
210894332 
210895196 
210910338 
210910800 
210910869 
210911970 
210912176 
210920863 
210925842 
210925955 
210937939 
210938003 
210952039 
210969437 
210969777 
210993575 
210993597 
211243217 
211243243 
211243291 
211251568 
211251570 
211252214 
211254255 
211254330 
224583269 
241793051 
241793057 
241793062 
241793065 
241793126 
241793132 
241793153 
241793492 
241794879 
241794884 
241795820 
242696548 
242697229 
242698563 
242698616 
242700849 
242700850 
242702685 
242702989 
242703358 
242703522 
242704876 
242707136 
242717948 
242717999 
242737342 
242737343 
242737500 
242737536 
242745372 
242745375 
242811824 
242811843 
242812732 
246240933 
246241383 
246241413 
246242541 
246242887 
246242901 
246242949 
246242971 
246244373 
246244698 
246245702 
246245723 
246245763 
246246724 
246246725 
246246728 
246247104 
248576028 
248576029 
248576030 
248576037 
248576038 
248576039 
249715090 
249715122 
249760584 
250287990 
250290236 
250712706 
250718807 
250734522 
250734620 
250760475 
250760537 
250760538 
250760541 
250760542 
250760551 
250760561 
250760562 
250760566 
250760659 
250760687 
250760691 
250760759 
250760761 
250761426 
250761427 
250761874 
250762996 
250762997 
250763021 
250763022 
250763127 
250763128 
250763130 
250763131 
250763222 
250763225 
250763300 
250763301 
250763349 
250763350 
252097167 
252143245 
252143246 
252145831 
252145838 
252145842 
252145981 
252268784 
252269304 
252589501 
252589525 
252590669 
252590879 
252591776 
252591970 
252608557 
252608578 
253291371 
253291383 
254022681 
254022682 
254288237 
254504727 
254504793 
254775402 
256244684 
256245042 
256245929 
256248204 
256333949 
256334137 
256335285 
256335289 
256335295 
256335614 
256377336 
256377964 
256397528 
256397529 
256397629 
256397702 
256397706 
256401512 
256401513 
256401691 
256401712 
257550997 
257904583 
257904870 
257908708 
257908899 
257908909 
257909038 
257909045 
257909049 
257919286 
257919748 
257919988 
257919989 
257920027 
258049619 
258055608 
258055651 
258055712 
258059469 
258060274 
258072296 
258833958 
258833975 
258833976 
258833982 
260741192 
261020932 
261022029 
262202119 
265784057 
265784061 
272889261 
272889265 
272889270 
272889276 
283279894 
283636946 
283640266 
283640626 
283640629 
288049746 
288051781 
294048262 
317215300 
317215305 
317215448 
318688676 
319345960 
319346292 
319346310 
345280994 
345281108 
349205018 
383816936 
385905488 
391273012 
391273013 
391273028 
391273029 
391273036 
391273218 
391273248 
392558438 
403793864 
403793865 
403793866 
403793867 
403793961 
403793962 
403793964 
403793966 
404082990 
405149458 
405149459 
405149460 
405149461 
405150208 
405150209 
405150517 
405150523 
409003112 
412503487 
413167548 
418424081 
418424083 
418424085 
418424088 
418775758 
418775759 
418775766 
418775767 
418775771 
418775772 
424188667 
424188729 
426877259 
442554540 
442554542 
442970337 
444891358 
444891458 
444891796 
444898489 
445065632 
445353744 
445353766 
445636258 
445643083 
445644576 
446039612 
446044164 
446044168 
446120629 
446121347 
446122099 
446123156 
446123544 
455662018 
455662023 
460483391 
460483393 
460483394 
460483395 
471090723 
471090724 
471137623 
471137624 
471548932 
472313005 
472313008 
472313021 
472313034 
472313038 
472313043 
472313073 
472313082 
501738046 
514577417 
514577419 
514577421 
514577423 
534584493 
535383231 
535383244 
535383370 
535383374 
538965009 
538965010 
552044809 
552044848 
552045000 
552045083 
558662385 
558662386 
558662387 
558662388 
558662389 
558662390 
558662391 
558662392 
558662393 
558662394 
558662395 
558662396 
558662397 
558662398 
558662399 
558662400 
559244365 
559244368 
559244370 
559244372 
559977326 
559977327 
559977328 
588397536 
599116923 
599116924 
599116925 
599116926 
616342018 
616342019 
616342020 
616342021 
616342022 
616342023 
667419963 
667419964 
667419968 
667425959 
667425966 
667426219 
667426226 
669670190 
669670212 
669710230 
669710499 
669710564 
669710600 
669710606 
669710629 
669710639 
669710755 
669710758 
669710803 
669805477 
669805479 
671132790 
671132792 
671132818 
671132828 
671748934 
671748942 
671749007 
671749016 
671765829 
671765835 
671765841 
671765844 
671781551 
671781560 
671781572 
671781579 
671789594 
671789599 
671789617 
671789633 
672250746 
672250758 
794351134 
794351164 
794351166 
807961973 
945482570 
949690340 
949971862 
982344387 
1078604903 
1162244311 
1194635881 
1196098694 
1198834052 
1198834059 
1199441651 
1199441656 
1199441658 
1199444448 
1199444452 
1199912183 
1211132300 
1218566388 
1221089222 
1221111679 
1249494084 
1249494085 
1249494086 
1249494087 
1249494088 
1249494089 
1249494092 
1274631196 
1274631197 
1274631200 
1312775873 
1312775906 
1315534645 
1315534665 
1404364215 
1404599390 
1404599408 
1409862462 
1409863561 
1429890657 
1429890705 
1430923086 
1430926677 
1430926681 
1440475432 
1441015292 
1445255177 
1446785793 
1448300402 
1451130450 
1451130468 
1451130471 
1451130472 
1451130473 
1451130499 
1451130528 
1460840347 
1460840348 
1460840353 
1460840358 
1460841503 
1463642185 
1499952073 
1501110945 
1501110954 
1502151381 
1502151404 
1502151406 
1502151420 
1502151518 
1502151552 
1502151573 
1503115196 
1504548612 
1505679830 
1506767170 
1517077997 
1517111454 
1517120915 
1517125888 
1517177829 
1517189902 
1517189907 
1517189922 
1517539513 
1517539527 
1517539528 
1517539594 
1517554590 
1535605716 
1535605720 
1535605722 
1535605741 
1535605743 
1535605749 
1535605752 
1535605760 
1535605764 
1535625974 
1535947741 
1535982286 
1535982290 
1535982330 
1537307081 
1537321787 
1537321790 
1537321801 
1537321805 
1537321810 
1537321814 
1537321824 
1537321829 
1537321831 
1537321840 
1537321850 
1537321859 
1537321862 
1543366386 
1543366400 
1543366410 
1543366412 
1543366428 
1543366481 
1543366502 
1543366510 
1543366558 
1543366581 
1543366585 
1543366593 
1543366597 
1547995091 
1547995094 
1547995096 
1547995103 
1547996761 
1547996773 
1548049592 
1548049597 
1548064653 
1548064656 
1548064734 
1548198566 
1552717208 
1552717225 
1587598863 
1587599027 
1588846642 
1588846644 
1588846655 
1588846676 
1588846699 
1588846725 
1588846737 
1588846748 
1588846751 
1588846752 
1588846759 
1588846764 
1588846777 
1588846808 
1588846827 
1588846830 
1588846833 
1588846837 
1588920971 
1588921019 
1588921024 
1588921035 
1588921102 
1588921144 
1588921180 
1588921212 
1588921217 
1588921236 
1588921309 
1588921315 
1588921321 
1588921337 
1588921342 
1588921404 
1588921432 
1588921434 
1588921446 
1588921477 
1588921516 
1588921532 
1588921538 
1588921593 
1588921601 
1588921630 
1588921664 
1588921722 
1589504946 
1589681393 
1589681411 
1589681445 
1589681501 
1589681536 
1589681551 
1589681615 
1589681695 
1589681706 
1589681761 
1589701559 
1589701569 
1589701587 
1589713076 
1589713089 
1589713127 
1589713152 
1589721909 
1589726151 
1589738304 
1589738317 
1589738319 
1589738321 
1589738356 
1595221366 
1595261953 
1595262200 
1595262229 
1595262256 
1596347373 
1596347390 
1596347395 
1596347416 
1596347432 
1596347668 
1596347670 
1596367540 
1596367541 
1596367621 
1596367635 
1596368047 
1596368094 
1597662205 
1597662230 
1597662235 
1597754075 
1597754082 
1597754093 
1597754094 
1597754102 
1597754113 
1597754127 
1597754148 
1597754166 
1597754181 
1597754207 
1597754211 
1597754221 
1597754231 
1597754233 
1601021820 
1601022948 
1608908231 
1608908236 
1608908239 
1608908243 
1608908268 
1608908279 
1608908300 
1608908309 
1608908321 
1608908327 
1608908333 
1609220077 
1609220080 
1609220081 
1609220083 
1609258567 
1609258580 
1609266772 
1609272444 
1609272465 
1625254463 
1625254471 
1625254497 
1625254508 
1625254516 
1625254544 
1625254558 
1625254589 
1625254610 
1625254640 
1625254699 
1625254773 
1625254777 
1625254789 
1625254790 
1625254832 
1627221021 
1627221038 
1636228210 
1636228239 
1636228242 
1636228244 
1639044933 
1639045009 
1639045045 
1639062993 
1639108460 
1639108463 
1643469193 
1650476127 
1654043479 
1659797768 
1659797788 
1659797793 
1659797908 
1659797951 
1659843266 
1659843267 
1663112456 
1664619157 
1665023557 
1666079844 
1682512672 
1682512674 
1690901697 
1690901702 
1690901753 
1692513888 
1715390695 
1724120196 
1756657926 
1769053359 
1769066787 
1770049829 
1774208716 
1774208738 
1776487329 
1776487486 
1776487602 
1780545407 
1780545409 
1780545418 
1830220233 
1830220234 
1830220236 
1830220237 
1830220238 
1830220239 
1830220241 
1881101316 
1881607167 
1915238213 
1915266369 
1926024148 
1926800948 
1926800950 
1926825553 
1926825555 
1926825557 
1926825558 
1926825561 
1926825567 
1926825569 
1926825570 
1926825576 
1926825587 
1940638016 
1940638057 
1941070891 
1941070892 
1947255013 
1947255035 
1948214232 
1948215536 
1948252084 
1948290989 
1948309630 
1948309632 
1948309633 
1949851312 
1949874213 
1949874226 
1949881050 
1949881651 
1949894719 
1963481852 
1963481853 
1967278956 
1974461002 
1974944991 
1974944992 
1974945016 
1976435484 
1976435494 
1978322881 
1978328316 
1978328317 
1978328318 
1978328319 
1978345074 
1978345078 
1978345085 
1978345089 
1978345099 
1980078623 
1980078625 
1980111759 
1981183055 
1982905276 
1982905278 
1989907965 
1989907971 
1989908008 
1990013405 
1990013516 
1990013524 
1995137614 
1995137740 
1995137764 
2015839530 
2015842908 
2015842927 
2015843864 
2015848786 
2044867635 
2052181749 
2074620008 
2075442065 
2075449740 
2075449743 
2075515534 
2075515543 
2118499231 
2132403400 
2132403465 
2132425079 
2132453728 
2132453771 
2132453774 
2170895192 
2215586662 
2215586684 
2215586704 
2215586720 
2255507075 
2255519670 
2327901008 
2329118609 
2329118682 
2329125548 
2329975384 
2329975387 
2431526576 
2431526579 
2452367998 
2453497661 
2472662277 
2472662282 
2499993148 
2499993152 
2521670235 
2521670238 
2521670241 
2521670242 
2521670243 
2521675348 
2521675353 
2521675359 
2521683544 
2521683545 
2521683547 
2521683549 
2521696871 
2521892121 
2521892144 
2522279259 
2522285225 
2573414684 
2577752398 
3015492817 
3015495836 
3015495900 
3050739598 
3169312985 
3169312986 
3173491321 
3173491359 
3200271251 
3299329581 
3338463580 
3451804560 
3451883024 
3451904697 
3521977462 
3521987768 
