2579
33755845 35.1693209 33.3601701 
33756261 35.1708932 33.3592259 
33756424 35.1777479 33.3562129 
33756425 35.1777454 33.3564465 
33756426 35.1778733 33.3564883 
33756427 35.1778508 33.3566479 
33756428 35.175374 33.3562003 
33756429 35.1753399 33.3560006 
33756430 35.175635 33.3559463 
33756431 35.1756221 33.3556721 
33756432 35.1747662 33.3551314 
33756433 35.1740506 33.3559897 
33756434 35.1740579 33.3561339 
33756435 35.1743731 33.3561213 
33756436 35.1744497 33.3563425 
35612047 35.169709 33.3662944 
35612051 35.1696 33.364476 
35612054 35.1695874 33.3618762 
35612055 35.1697828 33.3612651 
35612086 35.1696446 33.3646185 
35612415 35.1698214 33.3659394 
35612416 35.170007 33.3665927 
35612417 35.1703789 33.3673652 
35613482 35.1711494 33.3588045 
35613682 35.1705346 33.3598979 
36427404 35.170223 33.3610298 
50546304 35.1699375 33.3646246 
50546306 35.1702221 33.3646861 
50546307 35.1705617 33.3646825 
50546308 35.1708283 33.364631 
50546309 35.1710879 33.3646568 
50546312 35.1716852 33.3648724 
50546313 35.1720289 33.3649727 
50546314 35.1725915 33.3647341 
50546328 35.17028 33.362892 
50546329 35.1701969 33.3637985 
50546330 35.1698601 33.3637126 
50546334 35.1695652 33.363667 
50546658 35.1719192 33.36211 
50546660 35.1722431 33.3624185 
50546663 35.1726814 33.362592 
50546666 35.1728064 33.3623923 
50546668 35.1732993 33.3624043 
50546671 35.1731663 33.3630492 
50546673 35.1735771 33.363112 
50546674 35.1737204 33.3622964 
50546805 35.1717923 33.3609525 
50546936 35.1732182 33.3573032 
50547098 35.1709956 33.359519 
50547100 35.1711076 33.3592788 
50547197 35.1722693 33.3598163 
50547293 35.1706649 33.3611526 
50547422 35.1698605 33.3616121 
50547423 35.1698756 33.3619404 
50547424 35.1699408 33.3628292 
50547531 35.1695601 33.3627744 
50547952 35.1732158 33.3667385 
50547953 35.1737242 33.366966 
50548107 35.1735134 33.3644077 
50548185 35.1735345 33.364589 
50548186 35.1739933 33.364683 
50548187 35.1738624 33.3656062 
50548189 35.1733903 33.3653873 
50548191 35.1732683 33.3652877 
50548192 35.173098 33.3659963 
50548307 35.1726889 33.3653248 
50548308 35.1721162 33.3666919 
50548309 35.1718689 33.3674972 
50548591 35.1723741 33.3594891 
50548593 35.1740457 33.3606162 
50548594 35.1738918 33.360566 
50548595 35.1737698 33.361462 
50548596 35.173589 33.3614415 
50548599 35.1740448 33.3624025 
50548600 35.173799 33.3629771 
50548601 35.1737242 33.3632556 
50548602 35.1735489 33.3633902 
50548603 35.1734472 33.3636354 
50548604 35.1733783 33.3640666 
50548652 35.17208 33.363579 
50548780 35.1723672 33.3624777 
50548785 35.1728894 33.3613834 
50548788 35.1732207 33.3598658 
50548789 35.1734423 33.3587523 
50548790 35.1727775 33.3584094 
50548826 35.1714469 33.3617798 
50548989 35.1729864 33.3631485 
50548990 35.1715103 33.3625639 
50548991 35.1712736 33.3632524 
50548992 35.1710629 33.3638008 
50549071 35.1698993 33.3661927 
50549260 35.1741944 33.3647212 
50549261 35.1743013 33.364425 
50549262 35.1743153 33.3641675 
50549263 35.1742451 33.3638242 
50549264 35.1742765 33.3634782 
50549266 35.1741057 33.3633391 
50549310 35.1740347 33.3641847 
50549374 35.1745663 33.3647727 
50549375 35.1746141 33.3657537 
50549376 35.1743374 33.3658149 
50549379 35.1744945 33.3662846 
50549380 35.1743289 33.3671587 
50549498 35.1735925 33.367687 
50549499 35.1739727 33.3656749 
50549803 35.1738432 33.360874 
50549869 35.1730826 33.3605179 
50550090 35.1713324 33.361727 
50550198 35.1712817 33.3609009 
50550199 35.1703714 33.3607893 
50550213 35.1712722 33.3596597 
50550360 35.1734647 33.3614279 
50550380 35.174434 33.3614873 
50550459 35.1745422 33.3609401 
50551103 35.1707427 33.3668702 
50551107 35.1719027 33.3673506 
50551118 35.1704705 33.3675493 
50551175 35.1708003 33.3656438 
50551240 35.1705196 33.3658584 
50551470 35.1716933 33.3644041 
50551472 35.1718193 33.3640576 
50551473 35.1720297 33.3640595 
50551474 35.172155 33.3640918 
55431538 35.1793015 33.3716913 
55431542 35.1785544 33.3707226 
55431543 35.1777721 33.3708845 
55431544 35.1776783 33.3705624 
55431545 35.1780036 33.369082 
55431549 35.1771102 33.3683927 
55431551 35.1765304 33.3678632 
55431552 35.1764392 33.3675972 
55431554 35.1761515 33.367683 
55431556 35.1759691 33.3672023 
55431558 35.1758428 33.3672453 
55431559 35.1757446 33.3669191 
55431561 35.1755482 33.3669878 
55431562 35.1749027 33.3647476 
55431563 35.1746151 33.3642412 
55431566 35.174463 33.3641461 
55431569 35.1747488 33.3635809 
55431570 35.1748255 33.3622785 
55431572 35.1751136 33.3618814 
55431576 35.1752403 33.3609281 
55431577 35.1750557 33.3603706 
55431578 35.1748072 33.3604609 
55431579 35.1747909 33.360079 
55431582 35.1749242 33.3599846 
55431583 35.1744962 33.3591778 
55431585 35.1744145 33.3585329 
55431586 35.1741244 33.3576071 
55431588 35.1746155 33.3574354 
55431590 35.1740612 33.3572036 
55431591 35.173956 33.3566972 
59278223 35.1722157 33.3649486 
59278226 35.1725029 33.3656546 
59873420 35.1728042 33.363416 
59873421 35.172692 33.3633645 
59873422 35.1725938 33.3637936 
59878843 35.1738636 33.3637936 
59878986 35.1742263 33.3623526 
59879300 35.1745957 33.3603925 
60010937 35.1701423 33.3610419 
60011125 35.1707862 33.3662232 
60011127 35.1701899 33.3641375 
60011128 35.1704354 33.3642233 
60011129 35.1706875 33.3642842 
60011130 35.1708354 33.3644465 
60011131 35.1709757 33.3646267 
60011133 35.1710002 33.3641128 
60011134 35.1707828 33.363058 
60011135 35.1705687 33.3639401 
60011136 35.1705056 33.3639744 
60306497 35.1703153 33.3645508 
60306498 35.1704223 33.3643783 
60306499 35.1704433 33.3641894 
60306513 35.1726664 33.362698 
60306514 35.1725851 33.3629746 
60306515 35.1724405 33.3634657 
60306516 35.1726425 33.3635696 
126533860 35.1721763 33.360076 
126533864 35.1731433 33.3602105 
227033251 35.1721584 33.3666296 
227034927 35.1729958 33.3658801 
227034928 35.1728263 33.3657818 
227034931 35.1725859 33.3656581 
227036189 35.1733942 33.3644339 
227036897 35.1726993 33.3643525 
227036898 35.1726721 33.3641939 
227036901 35.1727633 33.3638553 
227037574 35.1727996 33.3646707 
227038091 35.173079 33.3640184 
227038093 35.1730899 33.3645367 
227038184 35.173079 33.3639927 
232283363 35.185617 33.3725159 
232283366 35.1823621 33.3723443 
232283368 35.1791702 33.3720399 
241785215 35.172986 33.357898 
244451731 35.170594 33.3629957 
244451732 35.1707681 33.3622919 
247897294 35.1366083 33.4522804 
247897295 35.1367767 33.4515937 
247897296 35.1371487 33.45095 
247897297 35.1374997 33.4502204 
247897298 35.1374646 33.4476884 
247897299 35.1377454 33.4461864 
247897300 35.1374786 33.4458001 
247897301 35.1368469 33.4459031 
247897302 35.1362854 33.4457572 
247897303 35.1358502 33.445371 
247897304 35.1361169 33.4445985 
247897305 35.1363416 33.4441522 
247897306 35.1363977 33.4435685 
247897307 35.1362573 33.4430965 
247897308 35.1357941 33.4429849 
247897309 35.1351834 33.4428132 
247897310 35.1345517 33.4424356 
247897311 35.1344815 33.4421523 
247897312 35.1353448 33.4413369 
247897313 35.1364679 33.4406503 
247897314 35.1371838 33.4400066 
247897315 35.1375137 33.4400924 
247897316 35.1391983 33.4384187 
247897317 35.1414794 33.4363159 
247897318 35.1425673 33.4348567 
247897319 35.1460063 33.4288057 
247897320 35.147445 33.4284194 
247897321 35.1486381 33.4283765 
247897322 35.1509189 33.4273036 
247897323 35.1523576 33.426617 
247897324 35.1541471 33.4267028 
247897325 35.1566032 33.4248575 
247897326 35.1588487 33.4227117 
247897327 35.1606731 33.4203943 
247897328 35.1619362 33.4175189 
247897329 35.1628133 33.4157594 
247897330 35.1646026 33.4143861 
247897331 35.1656902 33.4143003 
247897332 35.1671285 33.4145149 
247897333 35.1687072 33.4144719 
247897334 35.1691984 33.4158023 
247897335 35.1695843 33.4169181 
247897336 35.1721101 33.417991 
247897337 35.1750217 33.4182056 
247897338 35.17653 33.4172614 
247897339 35.1789153 33.415974 
247897340 35.1808796 33.4142574 
247897341 35.1817565 33.4127553 
247897342 35.1826685 33.4101804 
247897343 35.1850887 33.407348 
247897344 35.1856148 33.4061035 
247897345 35.1872983 33.4059318 
247897346 35.1894378 33.4050735 
247897347 35.1906302 33.4038719 
247909086 35.1653391 33.2294465 
247909087 35.1655137 33.2286491 
247909088 35.1708251 33.2188341 
247909090 35.1722259 33.2164311 
247909092 35.1737389 33.214173 
247909093 35.1743296 33.2127383 
247909105 35.1762311 33.1888975 
247909106 35.1776022 33.1875692 
247909109 35.1788257 33.1872382 
247909110 35.1793402 33.1863443 
247909111 35.1798603 33.1848028 
247909112 35.1793429 33.1834499 
247909113 35.1794354 33.1828566 
247909114 35.1797563 33.1813192 
247909521 35.1606985 33.3075449 
247988943 35.1907307 33.4036714 
247988944 35.1897978 33.4031907 
247988945 35.188921 33.4015857 
247988946 35.188444 33.4007016 
247988947 35.1909615 33.3985956 
247988948 35.1942659 33.3974658 
247988949 35.1965314 33.3962642 
247988950 35.1970084 33.39532 
247988951 35.1975344 33.3930026 
247988952 35.1980955 33.3907281 
247988953 35.1987127 33.3896381 
247988954 35.1995684 33.388239 
247988955 35.199884 33.3875094 
247988956 35.1991476 33.3862048 
247988962 35.1929753 33.3768664 
247988963 35.1917478 33.3758794 
247988964 35.1901695 33.374137 
247988965 35.1893418 33.3736735 
247988966 35.1887666 33.3736907 
247988967 35.1884299 33.3742915 
247988968 35.1877285 33.3743774 
247988969 35.187497 33.3729869 
247988970 35.1872855 33.3726462 
247999819 35.1079894 33.4672535 
247999820 35.1086564 33.4657514 
247999821 35.1105873 33.4629619 
247999822 35.112132 33.4609878 
247999823 35.1133607 33.4597862 
247999824 35.1152564 33.459915 
247999825 35.1166254 33.4597862 
247999826 35.1187667 33.4580696 
247999827 35.1208027 33.4557522 
247999828 35.1220664 33.454808 
247999829 35.1230492 33.4538639 
247999830 35.1235055 33.4528339 
247999831 35.1244181 33.4516323 
247999832 35.1252606 33.4514177 
247999833 35.1270155 33.4500015 
247999834 35.1279281 33.4500444 
247999835 35.1289811 33.4493578 
247999836 35.1301042 33.4492719 
247999837 35.1309466 33.4497011 
247999838 35.1312976 33.4503448 
247999839 35.1316135 33.4504736 
247999840 35.132526 33.4502161 
247999841 35.1338948 33.4514606 
247999842 35.1342808 33.4515035 
247999843 35.135088 33.4513748 
247999844 35.1359303 33.4514606 
256794597 35.1745695 33.3607001 
262951224 35.16956 33.3622688 
267449113 35.1725837 33.3606982 
267449114 35.1719859 33.3604776 
271050567 35.177802 33.3561819 
271050569 35.1779551 33.3565188 
271050570 35.1779072 33.3567129 
271050571 35.1733867 33.3560232 
271050572 35.1734577 33.355834 
271050573 35.173865 33.3558764 
271050574 35.1746296 33.3551172 
271050581 35.1741279 33.3571947 
271050582 35.1741815 33.3572744 
271050583 35.1746933 33.3576853 
271050584 35.1747579 33.3579304 
271050586 35.174536 33.3591105 
271050587 35.1745904 33.3592954 
271050590 35.1748671 33.3623676 
271050591 35.1748599 33.3624829 
271050592 35.1748306 33.3629667 
271050593 35.1748161 33.3632779 
271050594 35.1747283 33.3635907 
271050595 35.1747663 33.3640433 
271050596 35.1753414 33.3658 
271050597 35.175706 33.3665327 
271050598 35.1758347 33.3668508 
271050599 35.1759569 33.3671381 
271050600 35.175998 33.3673027 
271050601 35.1770717 33.3676941 
271050602 35.1775221 33.3684561 
271050603 35.1782173 33.368729 
271050604 35.178281 33.3689996 
271050606 35.178545 33.3706292 
271050607 35.1789498 33.3712073 
271050608 35.1794908 33.3720128 
271050609 35.1804004 33.3721042 
271050611 35.1812982 33.3722051 
271050613 35.182316 33.3722971 
271050615 35.1827534 33.3723332 
271050616 35.185603 33.3724726 
271050629 35.1906204 33.3757404 
271050630 35.1934901 33.3774302 
271051322 35.1860159 33.3722541 
271051323 35.1859994 33.3721314 
271051324 35.1861983 33.371807 
271051325 35.1867814 33.3721581 
271051326 35.18897 33.3734911 
271051327 35.1903725 33.3740552 
271051328 35.1911599 33.3747342 
271051329 35.1920669 33.3760133 
271051330 35.1929116 33.3762963 
271051331 35.1936532 33.3765501 
271051332 35.1944635 33.3767547 
271051333 35.1950016 33.3771643 
271051334 35.195693 33.3783158 
271051335 35.195997 33.3789123 
271051336 35.1962569 33.3794063 
271051339 35.1928365 33.3813324 
271051340 35.1922055 33.3808436 
271051342 35.1921735 33.3807495 
271051343 35.1916612 33.3798862 
271051344 35.190701 33.3776706 
271051345 35.1904589 33.3773543 
271051346 35.1904432 33.3770916 
271051347 35.190276 33.3744937 
271051348 35.1896985 33.3742809 
271051349 35.1891918 33.3745795 
271051350 35.1886952 33.3748579 
271051351 35.1881885 33.3751035 
271051352 35.1879247 33.3750224 
271051353 35.1877562 33.3749617 
271051354 35.1875137 33.3751206 
271051355 35.1869831 33.3747184 
271051356 35.1867202 33.3740657 
271051357 35.1865123 33.3721857 
271051358 35.186368 33.3721903 
271051359 35.1857331 33.3725762 
271051360 35.185944 33.3733329 
271051361 35.1858342 33.3733781 
271051362 35.1856201 33.3726347 
271051363 35.1847103 33.3734072 
271051364 35.1847114 33.3731415 
271051365 35.184381 33.3731272 
271051366 35.1843702 33.3728809 
271051367 35.1840701 33.3728492 
271051368 35.1833715 33.3727356 
271051369 35.1834038 33.3732377 
271051370 35.1830111 33.3733105 
271051371 35.1828886 33.3734805 
271051372 35.1828535 33.3740324 
271051373 35.182663 33.3740497 
271051374 35.1824694 33.3738225 
271051375 35.1824635 33.3736121 
271051376 35.1823745 33.3726401 
271051377 35.1820773 33.3726319 
271051378 35.1818663 33.3728411 
271051379 35.1813436 33.3727712 
271051380 35.1813623 33.3724307 
271051381 35.1811018 33.372426 
271051382 35.1809275 33.3727217 
271051383 35.1796649 33.3728164 
271051384 35.1796046 33.3728405 
271051385 35.1795262 33.3728022 
271051386 35.1778251 33.3719766 
271051387 35.1776868 33.3712206 
271051388 35.1777065 33.3707165 
271051389 35.1775516 33.368514 
271051390 35.1771072 33.3685878 
271051391 35.1768667 33.3684121 
271051392 35.1766168 33.3679964 
271051394 35.1761274 33.367538 
271051395 35.1757061 33.3674904 
271051397 35.1754532 33.3666809 
271051398 35.1752712 33.3667727 
271051399 35.1752453 33.3666567 
271051401 35.1750976 33.3662163 
271051402 35.1749852 33.3657424 
271051403 35.174642 33.3654802 
271051404 35.1746182 33.3647917 
271051405 35.1745221 33.364721 
271051406 35.1741909 33.3641655 
271051407 35.174453 33.3635449 
271051408 35.1744763 33.3634242 
271051409 35.1745427 33.3630537 
271051410 35.1743133 33.362979 
271051411 35.1742892 33.3623092 
271051412 35.1746843 33.3623104 
271051413 35.1747459 33.3615648 
271051414 35.1745448 33.3614977 
271051415 35.1747771 33.3607082 
271051416 35.1747771 33.3604714 
271051417 35.1740929 33.3602495 
271051418 35.1741166 33.3599832 
271051419 35.1741229 33.3595427 
271051420 35.1739482 33.3593238 
271051421 35.1737321 33.3588844 
271051426 35.1741082 33.3570985 
271051430 35.1749679 33.3548897 
271051431 35.1755861 33.3546465 
271051432 35.1774188 33.3543614 
271051433 35.1771559 33.3542281 
271051434 35.1769764 33.3538366 
271051435 35.1770133 33.3516495 
271051436 35.1765631 33.3502557 
271051437 35.1764588 33.3498016 
271051438 35.1769844 33.3490246 
271051439 35.1773479 33.3489362 
271051440 35.1782053 33.3490435 
271051441 35.1783879 33.3488977 
271051442 35.1787731 33.3485311 
271051443 35.1791077 33.3481963 
271051444 35.1790577 33.347815 
271051445 35.1803 33.3477908 
271051446 35.1814326 33.3470326 
271051447 35.1812396 33.346696 
271051448 35.1812969 33.3452987 
271051449 35.1812514 33.3417947 
271051450 35.1813106 33.3417502 
271051451 35.1817377 33.3415734 
271051452 35.1812834 33.3401061 
271051453 35.1814041 33.3400097 
271051454 35.1807069 33.3378582 
271051455 35.1813861 33.3369821 
271051456 35.1815486 33.3368258 
271051457 35.1818982 33.3362492 
271051458 35.1818146 33.3351788 
271051459 35.1814588 33.3350433 
271051460 35.1811134 33.3338743 
271051461 35.1817044 33.3308051 
271051462 35.1815692 33.3303248 
271051463 35.1816706 33.3286342 
271051464 35.1814972 33.3281008 
271051465 35.1813751 33.3255213 
271051466 35.180945 33.3246716 
271051467 35.1806818 33.3229816 
271051468 35.1801697 33.3215447 
271051469 35.1801722 33.3213634 
271051470 35.1805227 33.3210174 
271051471 35.1778198 33.3202317 
271051472 35.1776302 33.3198114 
271051473 35.1774179 33.3198592 
271051474 35.1772092 33.3196591 
271051475 35.1765805 33.3205839 
271051476 35.1763342 33.3213017 
271051477 35.1760034 33.3218456 
271051478 35.17586 33.3218588 
271051479 35.1750203 33.3216254 
271051480 35.1746917 33.3216694 
271051481 35.1743205 33.3213331 
271051482 35.174183 33.3212386 
271051483 35.1739592 33.3212437 
271051484 35.1738496 33.321299 
271051485 35.1736643 33.3214774 
271051487 35.1719735 33.3215259 
271051488 35.1719469 33.3204326 
271051489 35.172191 33.3177059 
271051490 35.1721381 33.3175104 
271051491 35.1715953 33.3157254 
271051492 35.170158 33.3152257 
271051496 35.1692512 33.3153338 
271051497 35.1690973 33.3152305 
271051498 35.1690012 33.3149569 
271051501 35.1687675 33.3139983 
271719264 35.1696858 33.4169612 
271720314 35.1841526 33.4005014 
271720315 35.1846132 33.4001819 
271720316 35.1853511 33.3999011 
271720321 35.1889715 33.4061075 
271720322 35.1873498 33.4060463 
271720324 35.1800479 33.4125735 
271720325 35.1790876 33.4126247 
271720326 35.1788112 33.4164723 
271720329 35.1772809 33.4169307 
271720331 35.1751823 33.4180105 
271720332 35.1736965 33.417988 
271720333 35.1723238 33.4179309 
271720334 35.1682965 33.4152356 
271720335 35.1658941 33.413545 
271720336 35.1653698 33.4135602 
271720337 35.163554 33.4127373 
271720338 35.1608152 33.4197693 
271720339 35.1590871 33.4221884 
271720340 35.157699 33.4269391 
271720341 35.1516284 33.4259059 
271720342 35.1505805 33.4261682 
271720343 35.1495524 33.4267406 
271720344 35.1475145 33.4275142 
271720345 35.1450595 33.4282019 
271720346 35.1416015 33.4349831 
271720347 35.1408198 33.435969 
271720348 35.1383948 33.4386512 
271720349 35.1367046 33.4397418 
271720361 35.1352359 33.4149438 
271720362 35.144241 33.4151388 
271720365 35.1502589 33.4172318 
271720366 35.151033 33.4161503 
271720367 35.1514269 33.4157855 
278102743 35.1716636 33.3634036 
278102744 35.1718278 33.3626725 
287620355 35.1699929 33.3609056 
287620424 35.170338 33.3611394 
287620485 35.1703036 33.3609714 
287621900 35.1696646 33.3615139 
287622287 35.1725607 33.3613333 
297404305 35.174556 33.3653811 
297406599 35.1735814 33.3641233 
297406603 35.1737918 33.3642692 
297406612 35.1737568 33.3641576 
297406665 35.1708514 33.3681824 
297407210 35.175057 33.3651155 
297407214 35.1748019 33.3604472 
297407294 35.174882 33.3645238 
297407295 35.1747814 33.3615079 
297407400 35.1755915 33.3615723 
297407416 35.1756683 33.3675423 
297407665 35.1745738 33.3635302 
297407852 35.1745794 33.3623664 
297407985 35.1747838 33.3636998 
297407987 35.1749802 33.362687 
297407989 35.1752156 33.3615544 
297408074 35.1746832 33.3635648 
297408075 35.1747487 33.3631763 
297408076 35.1747658 33.362824 
297408079 35.1747743 33.3640852 
297408121 35.1747997 33.363599 
297408123 35.1748609 33.3632106 
297408124 35.1750714 33.3621978 
297408125 35.174821 33.3619822 
297408252 35.1744465 33.3617322 
297408362 35.1751486 33.3618287 
297408363 35.1748245 33.3622793 
297408400 35.1741321 33.3596152 
297408413 35.1745433 33.3592158 
297408420 35.1741046 33.3597774 
297408425 35.1725421 33.3590156 
297408566 35.1744614 33.3641505 
297408596 35.1745429 33.3651421 
297408601 35.1749229 33.3646552 
297408717 35.1746087 33.3641334 
297408787 35.1746084 33.3642835 
297408789 35.1748148 33.3646915 
297408830 35.1746996 33.364541 
297408832 35.174896 33.365262 
297408893 35.1747424 33.3647159 
297409097 35.1727125 33.365225 
297409157 35.1730929 33.3652105 
297409161 35.1729542 33.3646027 
297409289 35.1729198 33.365126 
297409352 35.1728257 33.3652237 
297409607 35.1751995 33.3656947 
297409652 35.1730512 33.3628455 
297409653 35.1729148 33.3627867 
297409670 35.1713824 33.364731 
297409671 35.1713573 33.365183 
297409672 35.1713506 33.3649574 
297484532 35.1734029 33.3620572 
297485360 35.1729887 33.3609267 
297485676 35.1723833 33.3643903 
297485694 35.1717174 33.3626399 
297514369 35.177833 33.3695421 
297514371 35.1777517 33.3694131 
297514374 35.1777801 33.3694903 
297514435 35.1787643 33.3704721 
297514761 35.1751391 33.3665399 
297515154 35.1753305 33.366158 
297516045 35.1770388 33.3683912 
297516088 35.1765002 33.3677751 
297516169 35.177639 33.368506 
297516212 35.1776724 33.3685281 
297516706 35.1760397 33.3676896 
297516711 35.1757692 33.367001 
297517341 35.1771003 33.3679346 
297517364 35.1760135 33.3675999 
297517645 35.1754544 33.3659863 
297517820 35.1710911 33.3654032 
297517829 35.1711511 33.3663608 
297518850 35.1721266 33.3642267 
297518851 35.1721549 33.3646263 
297519043 35.1722878 33.3650985 
297519047 35.1723847 33.3655019 
297519049 35.1724077 33.3656689 
297519358 35.1712633 33.3605901 
297519363 35.1705097 33.3604798 
297519367 35.1706868 33.3601476 
306328597 35.1652095 33.3139703 
306328598 35.1650566 33.3139201 
306328599 35.1649346 33.3137815 
306328600 35.164636 33.3137933 
306328601 35.1618889 33.3090523 
308344368 35.1695842 33.3644129 
308344373 35.1695918 33.3644538 
308344380 35.1696843 33.3646258 
308344385 35.1696677 33.3646208 
308344500 35.1696588 33.36462 
308344945 35.1695872 33.3644361 
311351749 35.1722816 33.3636599 
313020299 35.1705839 33.3614291 
313020300 35.1699985 33.3614262 
313020308 35.1733062 33.3594082 
313025550 35.177687 33.3562585 
313025554 35.1776671 33.356314 
313025563 35.1777578 33.3564244 
313025567 35.1777446 33.3562755 
313025571 35.1777076 33.356411 
313025575 35.1776815 33.3563745 
313025581 35.174335 33.3554011 
313025600 35.1739677 33.355772 
313025604 35.1756831 33.3557359 
313025609 35.1756883 33.3558953 
313025614 35.1757043 33.3557993 
313025618 35.174108 33.3555699 
313025623 35.1755197 33.3559661 
313025628 35.1735769 33.3557778 
313025632 35.1740332 33.3560205 
313025633 35.1740393 33.3560869 
313025634 35.1740347 33.3560509 
313025635 35.174149 33.3561609 
313025636 35.1741023 33.356161 
318380082 35.1745123 33.3620369 
318380087 35.1743466 33.3634603 
318380088 35.1743753 33.3634704 
318380089 35.1743581 33.3641622 
318380091 35.1746473 33.3647474 
318380102 35.174707 33.3647279 
318380187 35.1756445 33.3674459 
318436516 35.175344 33.3656474 
318436528 35.1751836 33.3651318 
318436533 35.1750404 33.3646505 
319253265 35.1721428 33.3627773 
330478319 35.1711337 33.3634556 
330478320 35.1706348 33.3636458 
582458248 35.1746637 33.3574271 
700839263 35.1713422 33.3612241 
700839264 35.1712814 33.3609269 
700839265 35.1725398 33.3613967 
700839266 35.1729245 33.3612148 
951385988 35.1742641 33.362354 
1237531596 35.1745412 33.4180187 
1237541897 35.1928357 33.3979548 
1297034829 35.1717086 33.3658879 
1297034831 35.171695 33.364995 
1317050435 35.171853 33.3658868 
1317050437 35.1725608 33.365197 
1317050438 35.1719789 33.3658804 
1317050440 35.1726639 33.3652051 
1317050441 35.1726398 33.3653794 
1317050442 35.1725323 33.3654196 
1317050444 35.1718353 33.3653665 
1317050445 35.1725367 33.3653284 
1317050446 35.1719611 33.3653601 
1317050447 35.1725915 33.3655564 
1317050448 35.1725126 33.3655189 
1317050450 35.1724819 33.3653231 
1317050451 35.1724753 33.3653955 
1388585688 35.1753156 33.3661531 
1430559091 35.1705357 33.3616318 
1695132205 35.1702639 33.3610219 
1695151022 35.1745237 33.3616461 
1755367334 35.1742827 33.3613634 
1764528067 35.1723933 33.3659361 
1822762311 35.1944145 33.397387 
1883187010 35.1715176 33.3618088 
1883187012 35.171699 33.3612637 
1893015330 35.1739302 33.364726 
1910018331 35.1741008 33.3623567 
1910018345 35.1752507 33.3615519 
1910018346 35.1704218 33.3621661 
1910018354 35.1711324 33.362418 
1910018356 35.1713025 33.3620325 
1910018358 35.1717677 33.3619623 
1910018360 35.1731023 33.3634938 
1910018362 35.1731405 33.363114 
1910018364 35.173193 33.3635084 
1910018366 35.1732145 33.3632542 
1910018367 35.1732551 33.3633711 
1910018369 35.1732623 33.3632572 
1910018380 35.1733673 33.3633886 
1910018381 35.173348 33.3627537 
1910018382 35.1733793 33.3632747 
1910018383 35.1734318 33.3634178 
1910018384 35.1734438 33.3632835 
1910018385 35.1734388 33.3623768 
1910018386 35.1735059 33.3634208 
1910018387 35.1735297 33.3631608 
1910018388 35.1735176 33.3628063 
1910018389 35.1736059 33.3624265 
1910018390 35.1736467 33.3629073 
1998951329 35.1697866 33.3662518 
2009112517 35.169891 33.3622464 
2009112518 35.1699452 33.3623641 
2009112521 35.1721562 33.3649123 
2009116007 35.1736889 33.3618881 
2009116010 35.1739702 33.3632641 
2009116013 35.1740157 33.362495 
2126821790 35.1745811 33.3635421 
2129449634 35.1714201 33.3152562 
2129449707 35.1715698 33.3153649 
2129449717 35.1716084 33.3155274 
2129645449 35.1720094 33.3217413 
2129645456 35.173497 33.3217139 
2129645480 35.1745663 33.3216485 
2129645501 35.1761027 33.321825 
2129645503 35.1761652 33.3217477 
2129645933 35.1814228 33.3248657 
2129645939 35.181406 33.3253588 
2129645946 35.1815083 33.32593 
2129645953 35.1814888 33.329942 
2129645960 35.181507 33.3263238 
2129645970 35.1815616 33.3301987 
2129645986 35.181669 33.3280992 
2129829449 35.1717095 33.3171314 
2129829453 35.1718884 33.3174026 
2129829538 35.1734312 33.3218097 
2129829540 35.1730853 33.321792 
2130805675 35.1711867 33.363218 
2131884207 35.1901629 33.3992459 
2131884211 35.1973238 33.3938747 
2154922406 35.1745871 33.3604958 
2171372243 35.179612 33.3477823 
2171372496 35.1802179 33.3377439 
2171372509 35.1807588 33.3379516 
2171373147 35.1813085 33.3334432 
2171373196 35.1814398 33.3326399 
2171373220 35.1815927 33.336667 
2171373234 35.1817839 33.3367584 
2171373238 35.1818739 33.3355052 
2171373242 35.1819854 33.3358641 
2171712419 35.1770748 33.3518189 
2171712487 35.1772747 33.3518484 
2171712495 35.1775232 33.3533734 
2172218347 35.1641152 33.312413 
2200028345 35.1731281 33.3614028 
2200028346 35.1730749 33.3623757 
2211321586 35.1729149 33.3638462 
2211322725 35.1729653 33.3638756 
2214950618 35.1941116 33.378111 
2214950620 35.1748112 33.3609404 
2214950654 35.1983901 33.3853465 
2214950661 35.1964963 33.3828746 
2214950663 35.1960496 33.3816862 
2214950670 35.1934446 33.3977466 
2214950700 35.1980003 33.3911139 
2214950712 35.1985776 33.3898768 
2214950750 35.1982498 33.3849774 
2214950784 35.1898984 33.3739852 
2214950787 35.1865823 33.372347 
2214950803 35.1779025 33.3708479 
2214950813 35.1957077 33.3807767 
2214950824 35.1954653 33.3802653 
2214950830 35.1743262 33.3623583 
2214950842 35.1989888 33.3891867 
2214950845 35.1743452 33.3629488 
2214950862 35.1745763 33.363002 
2214950870 35.1746081 33.3609322 
2262647681 35.174387 33.3641586 
2264098533 35.1749104 33.3614062 
2264098535 35.174842 33.3614538 
2264098537 35.1748984 33.3613727 
2264098539 35.174842 33.3613655 
2264098541 35.1748255 33.3614276 
2264098543 35.174823 33.3614092 
2264098544 35.174871 33.3613564 
2264098546 35.1748884 33.3614562 
2264098548 35.1749068 33.3613882 
2264098550 35.1748558 33.3613578 
2264098552 35.1748559 33.3614615 
2264098553 35.1748856 33.3613613 
2264098555 35.1749001 33.3614443 
2264098557 35.174874 33.3614624 
2264098558 35.1748257 33.3613909 
2264098559 35.1749087 33.3614247 
2264098560 35.1748312 33.3614408 
2264098561 35.1748311 33.3613785 
2272470026 35.1779075 33.3202441 
2272470027 35.1808006 33.3368091 
2272470029 35.1811854 33.3336361 
2272470032 35.1714742 33.3162218 
2272470033 35.1801558 33.3234428 
2272470034 35.1782868 33.3200595 
2272470036 35.1780965 33.3199724 
2272470037 35.1813516 33.3342445 
2272470038 35.1664367 33.3139548 
2272470039 35.1715014 33.3163726 
2272470040 35.1575959 33.2386465 
2272470041 35.1804633 33.3364961 
2272470042 35.1716467 33.3163968 
2272470043 35.1719925 33.3184837 
2272470044 35.1805683 33.3234804 
2272470045 35.167031 33.31406 
2272470046 35.1812272 33.3339939 
2272470048 35.1807457 33.3223831 
2272470049 35.1810626 33.3247971 
2272470050 35.1802071 33.3233467 
2272470051 35.1806569 33.3234352 
2272470052 35.181219 33.3370167 
2272470053 35.1784196 33.3197538 
2272470054 35.1804878 33.3233466 
2272470055 35.1718612 33.3164501 
2272470056 35.1814277 33.3346709 
2272470057 35.1814324 33.3348637 
2272470058 35.1669063 33.3139636 
2272470059 35.1806788 33.3231824 
2272470060 35.1803383 33.3364489 
2272470061 35.1688346 33.3144578 
2272470062 35.1677479 33.3138009 
2272470063 35.1806529 33.3225564 
2272470065 35.1717286 33.316828 
2272470074 35.1622276 33.23694 
2272470076 35.1817455 33.3305042 
2272470078 35.1801461 33.3365034 
2272470079 35.1639046 33.2357599 
2272470082 35.1524076 33.2535339 
2272470084 35.1524204 33.2529827 
2272470085 35.1521503 33.2505244 
2272470087 35.1521073 33.2496011 
2272470088 35.1516236 33.247296 
2272470089 35.1511468 33.2432245 
2272470090 35.1514047 33.242901 
2272470092 35.1651904 33.2341028 
2272470093 35.1519801 33.241974 
2272470094 35.1523547 33.2408056 
2272470096 35.1529657 33.2393744 
2272470097 35.1535973 33.2382334 
2272470098 35.1539087 33.2379121 
2272470099 35.1817055 33.3309352 
2272470101 35.154803 33.2378831 
2272470102 35.1563951 33.2386486 
2272470103 35.1653601 33.2331442 
2272470104 35.1608659 33.2375741 
2272470106 35.1801495 33.3369618 
2272470108 35.180368 33.3232935 
2272470109 35.1649707 33.2309705 
2272470111 35.181603 33.3315444 
2272470112 35.1810161 33.3369351 
2272470114 35.1769021 33.3196218 
2272470117 35.1805851 33.3378069 
2272470130 35.1653681 33.3139662 
2272470131 35.1816212 33.3313254 
2272470132 35.1509959 33.2439009 
2272470138 35.1815739 33.3318053 
2272470140 35.1779371 33.3201011 
2272470141 35.1800958 33.3245565 
2272470142 35.1518468 33.2426134 
2272475776 35.1785914 33.3531469 
2272475777 35.1819243 33.3478911 
2272475778 35.1813941 33.3454567 
2272475779 35.1817723 33.345811 
2272475780 35.1781775 33.353851 
2272475781 35.1819173 33.3458356 
2272475782 35.1779166 33.3537439 
2272475783 35.1788125 33.3536966 
2272475784 35.1776592 33.3535402 
2272475785 35.1779316 33.3490919 
2272475786 35.178219 33.3532961 
2272475787 35.1771874 33.3542978 
2272475788 35.1780852 33.3490874 
2272475789 35.1776228 33.3489203 
2272475790 35.1773607 33.3551352 
2272475791 35.1764435 33.3495083 
2272475792 35.1767658 33.3491688 
2272475793 35.1778183 33.3552964 
2272475794 35.1773578 33.351977 
2272475795 35.1779365 33.3554501 
2272475796 35.1779405 33.3556677 
2272475797 35.1777274 33.3531897 
2272475798 35.1778709 33.3532696 
2272475799 35.1777343 33.3557321 
2272475800 35.1775483 33.3557433 
2272475801 35.1770152 33.3556728 
2272475802 35.1812136 33.3473149 
2272475803 35.1813037 33.3471166 
2272475804 35.1812398 33.3474688 
2272475805 35.181231 33.3472211 
2272475806 35.1770128 33.3556117 
2272475807 35.1760388 33.3554439 
2272475808 35.1757325 33.3553429 
2272475809 35.1756344 33.3551331 
2272475810 35.1755836 33.3548191 
2272475811 35.1754556 33.3546751 
2272475812 35.1818126 33.3475491 
2272475813 35.1752959 33.3547059 
2272475814 35.1765892 33.3563909 
2272475815 35.1783963 33.3532163 
2272475816 35.1765723 33.3565204 
2272475817 35.1815067 33.3464983 
2272475818 35.1819142 33.3478016 
2272475819 35.1791846 33.3477776 
2272475820 35.1826056 33.3475074 
2272475821 35.1825925 33.3477316 
2272475823 35.1813013 33.3475508 
2272475825 35.1824108 33.3477304 
2272475827 35.182034 33.3459131 
2272475828 35.1823997 33.3478863 
2272475829 35.1783615 33.353843 
2272475830 35.1815252 33.3455321 
2272475831 35.1780522 33.353305 
2272475832 35.181706 33.3462781 
2272475833 35.1776029 33.3529586 
2272547590 35.1802417 33.3726441 
2272547591 35.1779967 33.3732442 
2272547592 35.1779292 33.372936 
2272547593 35.179478 33.3735004 
2272547594 35.1778726 33.3696871 
2272547595 35.1748789 33.3620999 
2272547596 35.1779606 33.3697712 
2272547597 35.1778506 33.372982 
2272547598 35.1788289 33.3745216 
2272547599 35.1748021 33.36365 
2272547600 35.1784181 33.370737 
2272547601 35.1771883 33.367993 
2272547602 35.1777762 33.3696119 
2272547603 35.1750565 33.3613704 
2272547604 35.1799754 33.3726084 
2272547605 35.1748987 33.3622206 
2272547606 35.1750326 33.3663004 
2272547612 35.1755558 33.3670677 
2272547617 35.1774736 33.3686905 
2272547621 35.1745515 33.3635736 
2272547628 35.1783873 33.3736816 
2272547636 35.1752671 33.3661503 
2272547637 35.1745767 33.3647255 
2272547638 35.1759612 33.3673632 
2272547639 35.1751135 33.3614186 
2272547640 35.1764684 33.3675019 
2272547643 35.1746739 33.3651367 
2272547644 35.1778569 33.3692134 
2272547645 35.1774375 33.3698609 
2272547647 35.1745017 33.3638564 
2272547657 35.1745467 33.3634259 
2272547658 35.176681 33.3679665 
2272547659 35.1750322 33.3662418 
2272547660 35.1747834 33.3609107 
2272547661 35.1745816 33.3609068 
2272547662 35.1742409 33.3588893 
2272547663 35.1741532 33.3586774 
2272547665 35.1775836 33.3702744 
2272547671 35.1778361 33.3693257 
2272547675 35.1785047 33.3739535 
2272547676 35.1776757 33.3708088 
2272547677 35.1781926 33.3689556 
2272547680 35.1751593 33.3657004 
2272547683 35.1743833 33.3644187 
2272547686 35.1778017 33.369024 
2272547690 35.1774599 33.3697924 
2272547692 35.179387 33.3744447 
2272547693 35.1783353 33.3734764 
2272547696 35.1784449 33.3736152 
2272547702 35.1750719 33.3611611 
2272547704 35.1775265 33.3686967 
2272547706 35.1771962 33.3681445 
2272547712 35.177911 33.3692211 
2272547715 35.1750697 33.3607105 
2272547718 35.1789217 33.3746155 
2272547727 35.179041 33.3746352 
2272547732 35.1777196 33.3695819 
2272547736 35.1827888 33.3740565 
2272547738 35.178493 33.3737962 
2272547740 35.1750127 33.3607266 
2272547742 35.176436 33.3674237 
2272547744 35.179419 33.3741814 
2272547746 35.1782733 33.3731994 
2272547756 35.1771474 33.3683768 
2272547765 35.1770324 33.3679926 
2272547771 35.1775863 33.3689209 
2272547775 35.1785307 33.374155 
2272547778 35.1790676 33.3709605 
2272547785 35.1836109 33.3728113 
2272547796 35.1773986 33.3711077 
2272547798 35.1829481 33.3723995 
2272547801 35.1779603 33.3727634 
2272547804 35.1779695 33.3725643 
2272547806 35.1785665 33.3742867 
2272547810 35.1796834 33.3725805 
2272547813 35.1776035 33.3688438 
2272547816 35.1767521 33.3682173 
2272547819 35.176774 33.367641 
2272547822 35.179206 33.3746163 
2272547829 35.180942 33.3725698 
2272547841 35.177072 33.3678164 
2272547847 35.1793194 33.3745422 
2272547850 35.174762 33.3638195 
2272547853 35.1784139 33.3734713 
2272547854 35.1743978 33.3641619 
2272547857 35.1754107 33.3665463 
2272547859 35.1752924 33.3666041 
2272547865 35.1750039 33.361947 
2272547868 35.1742782 33.3646706 
2272547873 35.174541 33.3615471 
2272547890 35.1746359 33.3649695 
2272547896 35.1771627 33.368435 
2272547902 35.1746784 33.365697 
2272547917 35.1765931 33.3679691 
2272547923 35.1752857 33.3661863 
2272547928 35.1776602 33.3697285 
2272547930 35.1777601 33.3691282 
2272547933 35.1783904 33.3738217 
2272547937 35.1779086 33.3694962 
2272547940 35.1810931 33.3725412 
2272547943 35.1774595 33.3687633 
2272547946 35.1765049 33.3678889 
2272547949 35.1742878 33.363843 
2272547952 35.1748031 33.3642405 
2272547955 35.1781717 33.3698391 
2272547958 35.1768232 33.3681335 
2272547961 35.1775781 33.3708343 
2272547964 35.1767392 33.367924 
2272547967 35.1751159 33.3662689 
2272547970 35.1781667 33.3695982 
2272547985 35.1784533 33.3741696 
2272547988 35.1774244 33.3710519 
2272547991 35.1774566 33.3709193 
2272547993 35.1836028 33.3727036 
2272547996 35.178456 33.3740203 
2272548000 35.1744008 33.3642693 
2272548001 35.1778176 33.3723596 
2272548004 35.1777307 33.3696737 
2272548013 35.1751816 33.3662424 
2272548028 35.177663 33.3707392 
2272548034 35.1777016 33.368563 
2272548037 35.1750784 33.3609841 
2272548042 35.1830108 33.3734639 
2272548048 35.1743035 33.3640625 
2272548051 35.1738127 33.3589227 
2272548054 35.1742954 33.363956 
2272548057 35.1742261 33.3594314 
2272548060 35.1760054 33.3674487 
2272548063 35.1755976 33.3663473 
2272548067 35.1750749 33.361676 
2272548073 35.1749888 33.3605239 
2272548076 35.1750109 33.3602579 
2272548079 35.175093 33.3604876 
2272548082 35.1748298 33.3601239 
2272548084 35.1749243 33.3600809 
2272548087 35.1747804 33.3600474 
2272548090 35.1749004 33.3600321 
2272548093 35.1748707 33.3598583 
2272548096 35.1747468 33.3595887 
2272548100 35.1742914 33.3582188 
2272548103 35.1744068 33.358842 
2272548106 35.1743558 33.358219 
2272548109 35.1768564 33.3680379 
2272585836 35.1813411 33.4117304 
2272585837 35.1648501 33.4009705 
2272585838 35.1599427 33.4034274 
2272585839 35.1881347 33.3744527 
2272585840 35.1723094 33.3996026 
2272585841 35.1865313 33.371844 
2272585842 35.1435817 33.4320434 
2272585843 35.183521 33.4094731 
2272585844 35.1835649 33.401041 
2272585845 35.1917896 33.404747 
2272585846 35.1679944 33.4002624 
2272585847 35.1733705 33.3995972 
2272585848 35.1847267 33.4080354 
2272585849 35.18321 33.4016215 
2272585850 35.1939565 33.3848554 
2272585851 35.1873047 33.3725562 
2272585852 35.1888729 33.3736416 
2272585853 35.1951783 33.3894692 
2272585854 35.1680638 33.4002495 
2272585855 35.1929426 33.390424 
2272585856 35.2011488 33.3946941 
2272585857 35.1762075 33.406748 
2272585858 35.1590461 33.4239627 
2272585859 35.1918203 33.3929721 
2272585860 35.1900164 33.3948604 
2272585861 35.1932494 33.3899466 
2272585862 35.1912987 33.3931 
2272585863 35.1862481 33.3997689 
2272585864 35.1902916 33.3943776 
2272585865 35.193295 33.3834644 
2272585866 35.1944395 33.3849849 
2272585867 35.1926213 33.3913536 
2272585868 35.192434 33.4055249 
2272585869 35.1868049 33.3994577 
2272585870 35.1438084 33.4311443 
2272585871 35.1961515 33.3887343 
2272585872 35.2007893 33.3855961 
2272585874 35.1628155 33.4126824 
2272585876 35.1903271 33.3941647 
2272585877 35.193587 33.3897267 
2272585878 35.193253 33.3836126 
2272585879 35.1905439 33.3938158 
2272585880 35.1858228 33.3998869 
2272585881 35.1696685 33.4001921 
2272585882 35.1887491 33.3736637 
2272585883 35.185948 33.4060396 
2272585884 35.1869712 33.3721562 
2272585885 35.1619625 33.4139325 
2272585886 35.1656614 33.4002409 
2272585887 35.1699765 33.400198 
2272585888 35.1549644 33.4268393 
2272585889 35.1592555 33.4214883 
2272585890 35.201218 33.3887922 
2272585891 35.1879425 33.3744121 
2272585892 35.201254 33.3864329 
2272585893 35.1779413 33.4061434 
2272585894 35.1910575 33.4045056 
2272585895 35.1985713 33.4052513 
2272585896 35.1583577 33.4257579 
2272585897 35.19136 33.4044037 
2272585898 35.1676129 33.4002195 
2272585899 35.1864028 33.371802 
2272585900 35.1623125 33.4129415 
2272585901 35.1872079 33.3983516 
2272585902 35.1612233 33.4018073 
2272585903 35.1711999 33.3996026 
2272585904 35.1877638 33.3744272 
2272585905 35.190356 33.4049402 
2272585907 35.2011926 33.398476 
2272585908 35.1952736 33.3866017 
2272585909 35.1606532 33.4025262 
2272585911 35.1860424 33.3719289 
2272585913 35.2011269 33.39007 
2272585914 35.19075 33.393589 
2272585915 35.1525547 33.425841 
2272585916 35.1778808 33.4066925 
2272585917 35.1856957 33.406351 
2272585918 35.1620222 33.4135299 
2272585919 35.165201 33.4002785 
2272585920 35.1851389 33.4074722 
2272585921 35.1786897 33.4128956 
2272585922 35.1869811 33.3723894 
2272585923 35.1663982 33.4001122 
2272585924 35.1705246 33.4001873 
2272585925 35.1897964 33.3950115 
2272585926 35.1886666 33.3740091 
2272585927 35.1922833 33.3926837 
2272585928 35.1871819 33.3990983 
2272585929 35.1863155 33.3717824 
2272585930 35.1688177 33.4002034 
2272585931 35.1910397 33.393311 
2272585932 35.1884021 33.3739867 
2272585933 35.1708974 33.3996723 
2272585934 35.1951741 33.3861499 
2272585935 35.1874332 33.3979439 
2272585936 35.17872 33.4135071 
2272585938 35.2007367 33.4033362 
2272585939 35.1604076 33.4029661 
2272585940 35.1929732 33.3908049 
2272585941 35.2010567 33.400316 
2272585942 35.1428201 33.4335899 
2272585943 35.1878482 33.3744173 
2272585944 35.1915006 33.375526 
2272585945 35.1878151 33.3969058 
2272585946 35.1497481 33.4177443 
2272585947 35.1760891 33.4032504 
2272585948 35.1543802 33.4266945 
2272585949 35.1956693 33.4058253 
2272585950 35.1516945 33.4158917 
2272585951 35.1567499 33.41377 
2272585952 35.193307 33.3828639 
2272585953 35.1911114 33.3750526 
2272585954 35.159878 33.4209473 
2272585955 35.1630389 33.4026066 
2272585956 35.1777578 33.4167419 
2272585957 35.1877701 33.3731343 
2272585958 35.1627085 33.4157951 
2272585959 35.1584516 33.4050475 
2272585960 35.1519282 33.4161562 
2272585961 35.1923611 33.3917385 
2272585962 35.192648 33.3911096 
2272585963 35.1905381 33.3747434 
2272585964 35.194547 33.406174 
2272585965 35.1560205 33.4269236 
2272585966 35.1564951 33.4117412 
2272585967 35.1536673 33.4194092 
2272585968 35.1906679 33.3741288 
2272585969 35.1701013 33.4166231 
2272585970 35.156528 33.4271896 
2272585971 35.1634242 33.402627 
2272585972 35.1910495 33.3749637 
2272585973 35.2014425 33.3871303 
2272585974 35.1618035 33.4171327 
2272585975 35.1559867 33.4097038 
2272585976 35.1905559 33.374981 
2272585977 35.1587761 33.4044788 
2272585978 35.1987072 33.3836863 
2272585979 35.1875745 33.3728182 
2272585980 35.1914871 33.3930204 
2272585981 35.1535477 33.4215259 
2272585982 35.17465 33.4009319 
2272585983 35.2001976 33.4050743 
2272585986 35.1946566 33.3859397 
2272585987 35.1648313 33.4132966 
2272585988 35.1375021 33.4393288 
2272585989 35.2010304 33.3968989 
2272585990 35.1819372 33.4110269 
2272585991 35.1561008 33.4090279 
2272585992 35.1767216 33.4173966 
2272585993 35.1906031 33.3750462 
2272585994 35.1742431 33.4004072 
2272585995 35.1859456 33.4060989 
2272585997 35.1555482 33.4268184 
2272585998 35.1934204 33.4056697 
2272585999 35.1790591 33.4159831 
2272586000 35.1621083 33.4143657 
2272586001 35.1970896 33.4051655 
2272586002 35.1785797 33.4166874 
2272586003 35.1908476 33.3746159 
2272586004 35.1594653 33.4212003 
2272586005 35.1576328 33.4274037 
2272586006 35.1602857 33.4205313 
2272586007 35.1553464 33.4212802 
2272586008 35.1877308 33.372947 
2272586009 35.1907604 33.3743731 
2272586010 35.1638371 33.4024779 
2272586011 35.1891259 33.395514 
2272586012 35.1883287 33.3744498 
2272586013 35.191057 33.3747207 
2272586015 35.1977998 33.382356 
2272586016 35.1855203 33.4068284 
2272586017 35.1933949 33.3841614 
2272586018 35.1739932 33.3998386 
2272586019 35.2011444 33.3929185 
2272586020 35.1930801 33.3816971 
2272586021 35.1553284 33.4178995 
2272586022 35.1932619 33.3821385 
2272586023 35.2005123 33.4046119 
2272586024 35.182752 33.4102354 
2272586025 35.1616356 33.4015123 
2272586026 35.1951038 33.4058897 
2272586027 35.1590268 33.4229751 
2272586028 35.1892097 33.3744906 
2272586029 35.1963663 33.405997 
2272586030 35.1423148 33.4342621 
2272586031 35.1873997 33.3728212 
2272586032 35.1640915 33.4013353 
2272586034 35.1576271 33.4064315 
2272586035 35.1762382 33.4023223 
2272586036 35.1887482 33.3745739 
2272586037 35.1873347 33.3728974 
2272586038 35.1591796 33.4039424 
2272586039 35.1904421 33.376448 
2272586040 35.156171 33.4171496 
2272586041 35.1594427 33.4037707 
2272586042 35.179062 33.4155027 
2272586043 35.1643327 33.4009866 
2272586044 35.1872722 33.3729197 
2272586045 35.1463693 33.4179168 
2272586046 35.1707965 33.4171979 
2272586047 35.1622652 33.4146883 
2272586048 35.1968923 33.3809237 
2272586049 35.1905301 33.3763666 
2272586050 35.1568464 33.4163449 
2272586051 35.1890155 33.3745221 
2272586052 35.1889897 33.3956236 
2272586053 35.1928242 33.3910302 
2272586054 35.1921318 33.392844 
2272586055 35.194512 33.3897589 
2272586056 35.1877291 33.3743203 
2272586057 35.1880774 33.3964296 
2272586058 35.1625118 33.4151969 
2272586059 35.1945221 33.3853772 
2272586060 35.1620697 33.4020219 
2272586061 35.1870132 33.3738367 
2272586062 35.1928198 33.4058575 
2272586063 35.1581972 33.4061311 
2272586064 35.1894806 33.3745057 
2272586065 35.1582674 33.4056161 
2272586066 35.1612365 33.4187138 
2272586067 35.1571709 33.4155617 
2272586068 35.1896592 33.3745838 
2272586069 35.1870125 33.3736761 
2272586070 35.1903179 33.3746014 
2272586071 35.1976244 33.405144 
2272586072 35.18723 33.3728418 
2272586073 35.1787945 33.4146498 
2272646502 35.0379377 33.4906237 
2272646504 34.9889424 33.4461927 
2272646505 35.0376659 33.4907374 
2272646507 35.0188783 33.5888636 
2272646509 35.1159856 33.4466462 
2272646510 35.0196288 33.6390679 
2272646512 35.0461776 33.6252234 
2272646513 35.0185198 33.5891984 
2272646515 35.0399669 33.6356561 
2272646517 35.0332379 33.4431593 
2272646519 35.0197606 33.5872905 
2272646520 35.1171093 33.4457085 
2272646521 35.0457819 33.6256032 
2272646523 35.0200682 33.5869901 
2272646526 35.0198134 33.6388104 
2272646528 35.0487068 33.4653788 
2272646530 35.1177847 33.4450905 
2272646532 35.0201033 33.5866468 
2272646533 35.0400899 33.6363428 
2272646534 35.0452109 33.6257212 
2272646536 35.0200857 33.5860138 
2272646537 35.1184341 33.4447794 
2272646538 35.0219928 33.4507833 
2272646541 35.0092602 33.4499614 
2272646542 35.0441486 33.6273155 
2272646543 35.1258054 33.4466248 
2272646544 35.0231433 33.4522145 
2272646546 35.0063954 33.4724598 
2272646547 35.1027063 33.4652715 
2272646548 35.0575515 33.5675452 
2272646550 35.0388337 33.6722522 
2272646551 35.0808386 33.5354166 
2272646554 35.0011784 33.4682659 
2272646559 35.003487 33.4645484 
2272646560 35.0379992 33.6418788 
2272646561 35.038008 33.6642485 
2272646563 35.0508938 33.6056476 
2272646565 35.0808825 33.5375838 
2272646566 35.0950432 33.4462814 
2272646568 35.0021543 33.4673861 
2272646570 35.0078981 33.4380739 
2272646571 35.1119309 33.4600143 
2272646573 35.0480485 33.5692296 
2272646575 34.9926508 33.4547114 
2272646576 35.0804084 33.5391288 
2272646580 35.0796358 33.5397511 
2272646581 35.04464 33.4750669 
2272646582 35.0765451 33.4762149 
2272646583 35.052141 33.6111622 
2272646584 35.0390362 33.6774728 
2272646586 35.020033 33.637877 
2272646587 35.0035393 33.4807317 
2272646590 35.005209 33.4494786 
2272646591 35.1031978 33.4539418 
2272646593 35.0029856 33.4625464 
2272646595 35.0447893 33.6259358 
2272646596 35.0200774 33.5855589 
2272646599 35.0334927 33.4430091 
2272646600 35.1198119 33.4437172 
2272646601 35.039598 33.4839718 
2272646603 35.0033372 33.4661298 
2272646605 35.0398791 33.6368578 
2272646607 35.0201648 33.5849516 
2272646608 34.9905228 33.4387018 
2272646609 35.0695913 33.5534582 
2272646611 35.1213476 33.4427517 
2272646612 35.0444028 33.6265044 
2272646614 35.020279 33.584501 
2272646615 35.0202 33.6358063 
2272646617 35.0206217 33.4533732 
2272646618 35.0371383 33.6430698 
2272646620 35.1254369 33.4458952 
2272646622 35.1220672 33.4422259 
2272646623 35.0204635 33.5835676 
2272646625 35.0070808 33.4736722 
2272646626 35.0398088 33.6373191 
2272646629 35.0205251 33.5832779 
2272646630 35.008566 33.6729817 
2272646631 35.1229008 33.4395545 
2272646633 35.0236178 33.5831277 
2272646636 34.9913323 33.4527212 
2272646638 35.0343097 33.5833423 
2272646639 35.1230412 33.4387498 
2272646640 35.0494182 33.4652822 
2272646642 35.0043834 33.4602997 
2272646643 35.0788104 33.5401373 
2272646644 35.0065975 33.6764901 
2272646646 35.0489439 33.5668199 
2272646647 35.0414251 33.6294549 
2272646650 35.0769929 33.5405879 
2272646652 35.0064903 33.6598003 
2272646655 35.0997482 33.4515922 
2272646656 35.0078454 33.4389751 
2272646657 35.0762115 33.5411995 
2272646658 35.0521059 33.6096816 
2272646659 35.0494973 33.5665624 
2272646664 35.0742183 33.543431 
2272646665 35.0063075 33.6765437 
2272646666 35.0485399 33.4639304 
2272646668 35.0495939 33.4770947 
2272646670 35.022458 33.4503369 
2272646672 35.0026023 33.4292658 
2272646673 35.0527909 33.4780495 
2272646675 35.0368484 33.6617916 
2272646679 35.0622407 33.4803348 
2272646681 35.0051036 33.4620957 
2272646682 35.0232312 33.4529548 
2272646683 35.0038561 33.4589801 
2272646684 35.0156046 33.4520857 
2272646686 35.0925589 33.4704857 
2272646689 35.0397917 33.6567984 
2272646690 35.1123873 33.4582334 
2272646691 35.0035481 33.4653895 
2272646692 35.0396858 33.6376624 
2272646696 35.0023089 33.4618597 
2272646697 34.9882243 33.4424547 
2272646698 35.035276 33.583117 
2272646699 35.0288365 33.4409385 
2272646700 35.1234361 33.4376447 
2272646701 35.0386668 33.6393898 
2272646704 35.0179067 33.4396617 
2272646706 35.06239 33.483768 
2272646708 35.0340549 33.4831028 
2272646710 35.0035832 33.4816008 
2272646713 35.036682 33.582072 
2272646714 35.07327 33.5446756 
2272646715 35.0393964 33.6378405 
2272646717 35.0205606 33.631135 
2272646718 35.062452 33.4846113 
2272646719 35.0083907 33.4403763 
2272646723 35.0372354 33.6425612 
2272646724 35.0458346 33.5996823 
2272646725 35.0384999 33.578965 
2272646728 35.0378938 33.579834 
2272646729 35.0709343 33.5105364 
2272646732 35.0347401 33.4834783 
2272646733 35.0035844 33.6853336 
2272646736 35.0390274 33.6377976 
2272646741 35.0519302 33.608716 
2272646743 35.0062812 33.6770265 
2272646745 35.037112 33.4702497 
2272646746 35.010341 33.4415608 
2272646748 35.0375336 33.6424153 
2272646750 35.0976942 33.4499185 
2272646751 35.0428657 33.6289721 
2272646752 35.0543894 33.5666053 
2272646754 35.0627944 33.4854052 
2272646755 35.0391236 33.5774951 
2272646756 35.0072043 33.6650488 
2272646757 35.0386932 33.5737937 
2272646759 35.039352 33.5755961 
2272646763 35.0386756 33.6375229 
2272646769 35.0149807 33.4409492 
2272646773 35.037885 33.6423509 
2272646774 35.0691254 33.5047107 
2272646775 35.0390094 33.6398511 
2272646776 35.0435772 33.6279421 
2272646777 35.0057978 33.6774771 
2272646780 35.0563655 33.5672705 
2272646782 35.0499628 33.465411 
2272646783 35.0064481 33.4726958 
2272646784 35.0643308 33.486654 
2272646785 35.03756 33.5716479 
2272646789 35.0704167 33.5120235 
2272646790 35.0365058 33.5708647 
2272646791 34.9967289 33.4336582 
2272646793 35.0380168 33.4838109 
2272646795 35.0030208 33.4632974 
2272646796 35.0564972 33.4787254 
2272646797 35.0376303 33.4836071 
2272646798 35.0055605 33.4628682 
2272646799 35.0504898 33.4772449 
2272646800 35.0073621 33.6771123 
2272646802 35.0183899 33.4395545 
2272646803 35.0209204 33.6294334 
2272646804 35.0061669 33.6568992 
2272646805 35.0693537 33.5039275 
2272646807 35.0402744 33.6548178 
2272646808 35.0460278 33.577302 
2272646809 35.052036 33.6119411 
2272646810 35.1081745 33.4568064 
2272646812 35.0306814 33.4421401 
2272646813 35.0078014 33.6772947 
2272646814 35.0401777 33.6526291 
2272646816 35.0407492 33.6298797 
2272646817 35.0452285 33.5785573 
2272646820 35.1059978 33.4636836 
2272646825 35.0189435 33.4406595 
2272646827 35.0520268 33.6128895 
2272646828 35.1084466 33.4568493 
2272646829 35.0433312 33.5804241 
2272646831 35.0080563 33.6542599 
2272646832 35.0083726 33.6768656 
2272646833 35.0018254 33.4697615 
2272646835 35.0011401 33.459038 
2272646836 35.0244441 33.4547315 
2272646837 35.0012807 33.4613662 
2272646838 35.0235826 33.4531801 
2272646839 35.0003162 33.4762726 
2272646840 35.0438143 33.4844546 
2272646841 35.0403007 33.6541848 
2272646842 35.0032932 33.4589844 
2272646843 35.0520707 33.5662084 
2272646844 35.004814 33.4503863 
2272646845 35.0211225 33.4530084 
2272646846 35.070364 33.5129032 
2272646847 35.0240395 33.4549718 
2272646848 35.1250244 33.4433096 
2272646849 35.0690205 33.5052106 
2272646850 35.0246457 33.4571819 
2272646851 35.1200663 33.4536092 
2272646852 35.019374 33.4783285 
2272646853 35.111615 33.4603148 
2272646854 35.1263319 33.4442537 
2272646855 35.0728398 33.5454803 
2272646857 34.9895929 33.4397489 
2272646858 34.9906802 33.4511376 
2272646859 34.9888967 33.4407338 
2272646860 35.0691606 33.506599 
2272646862 35.0086367 33.4407733 
2272646866 35.047196 33.484916 
2272646867 35.0030647 33.4576325 
2272646870 35.0073972 33.4740477 
2272646871 35.1242351 33.4497211 
2272646872 35.0602209 33.4602075 
2272646873 35.0016059 33.478071 
2272646875 35.0499452 33.4843581 
2272646877 35.1178373 33.4548967 
2272646879 35.0277471 33.4406917 
2272646880 35.0392642 33.6469965 
2272646881 35.0503756 33.4840577 
2272646882 35.0138559 33.4751957 
2272646886 35.1171703 33.455004 
2272646887 35.0683703 33.5560911 
2272646889 35.0396683 33.6472004 
2272646891 34.9950115 33.4348383 
2272646892 35.1155555 33.4549825 
2272646894 35.0160878 33.4763329 
2272646896 35.0383857 33.5864644 
2272646898 35.1087099 33.4567421 
2272646899 35.0519214 33.6140161 
2272646901 35.008522 33.6759107 
2272646903 35.0403095 33.6306565 
2272646904 35.0381046 33.5877197 
2272646905 35.0116152 33.6481123 
2272646909 35.0218166 33.6268692 
2272646910 35.0513944 33.6162477 
2272646911 35.0380695 33.5891466 
2272646913 35.0083814 33.6752563 
2272646915 35.0234684 33.4397368 
2272646918 35.0484701 33.4645805 
2272646919 35.0381837 33.590831 
2272646921 35.0158945 33.6459773 
2272646922 35.0624866 33.5660045 
2272646924 35.031437 33.4422045 
2272646927 35.1114921 33.4542852 
2272646928 35.1126418 33.4537916 
2272646931 35.0383857 33.6373942 
2272646933 35.0351722 33.5698712 
2272646934 35.036436 33.6628923 
2272646946 35.040248 33.4534805 
2272646948 35.0214125 33.4524183 
2272646950 35.065569 33.4882741 
2272646960 35.0236182 33.4550426 
2272646963 35.0702318 33.4563451 
2272646969 35.0382452 33.6375122 
2272646976 35.0466778 33.4847658 
2272646978 35.0089175 33.4281282 
2272646985 35.0504371 33.4656577 
2272646987 35.0671497 33.4900444 
2272646990 35.039229 33.6403232 
2272646992 35.0037946 33.683878 
2272646999 35.0678873 33.4910958 
2272647001 35.0029944 33.4665804 
2272647003 35.038474 33.6380336 
2272647009 35.0473893 33.4760647 
2272647014 35.0710836 33.5508125 
2272647016 34.9980349 33.4321078 
2272647021 35.0180297 33.4528904 
2272647025 35.0616085 33.5669057 
2272647030 35.0687566 33.491997 
2272647031 35.1343901 33.4407668 
2272647034 35.0480568 33.6010985 
2272647036 35.0715665 33.5134332 
2272647038 35.0503756 33.6197882 
2272647039 35.0396946 33.5944574 
2272647043 35.039229 33.6590879 
2272647045 35.0083551 33.6743443 
2272647047 35.0401426 33.6338751 
2272647050 35.0076081 33.6707501 
2272647051 35.0225547 33.4506588 
2272647052 35.038377 33.5919361 
2272647053 35.0694416 33.4930377 
2272647054 35.0394223 33.6408489 
2272647059 35.1128963 33.4534268 
2272647060 35.0265435 33.4406381 
2272647061 34.9989982 33.4309148 
2272647062 35.0086011 33.6737328 
2272647065 35.0390534 33.5935562 
2272647066 35.0122391 33.4415286 
2272647067 35.0497696 33.6214511 
2272647068 35.0215794 33.6261611 
2272647069 35.0698191 33.4934347 
2272647070 35.0720938 33.5156069 
2272647071 35.0058681 33.465765 
2272647072 35.0058418 33.463748 
2272647077 35.0163954 33.6457627 
2272647079 35.0571647 33.4775989 
2272647081 35.0878534 33.4469788 
2272647082 35.1131245 33.4528475 
2272647083 35.0318587 33.4423654 
2272647084 35.0603878 33.5673885 
2272647087 35.0494007 33.6218696 
2272647088 35.0090234 33.4284034 
2272647089 35.0707763 33.495913 
2272647090 35.0204548 33.6321049 
2272647091 35.0399674 33.6344824 
2272647093 35.0390714 33.6410055 
2272647096 35.0168171 33.6451297 
2272647097 35.113853 33.4523861 
2272647098 35.0042867 33.680949 
2272647100 35.0375512 33.4909992 
2272647101 35.0202 33.6344867 
2272647102 35.0281864 33.490098 
2272647103 34.9879026 33.4436649 
2272647104 35.0095326 33.4954732 
2272647105 35.1142391 33.4553151 
2272647106 35.0084869 33.4952693 
2272647107 35.0061054 33.4940462 
2272647108 35.0398092 33.6475394 
2272647109 35.0054902 33.4933596 
2272647111 35.0046119 33.4916494 
2272647114 35.0557507 33.4822123 
2272647116 35.0703021 33.5097961 
2272647118 35.0043482 33.490952 
2272647119 35.0039523 33.4867721 
2272647120 35.1135721 33.4556584 
2272647121 35.0367167 33.6637013 
2272647122 35.0036623 33.4822123 
2272647123 35.0386317 33.6391645 
2272647125 35.0165887 33.4765904 
2272647126 35.0041193 33.4896474 
2272647128 35.0398791 33.6479943 
2272647129 35.0228798 33.4511631 
2272647130 35.0380256 33.6614375 
2272647131 35.0009231 33.4772156 
2272647132 35.1130455 33.4564309 
2272647136 35.039923 33.6498504 
2272647139 35.1126945 33.4571605 
2272647140 35.0027571 33.4668272 
2272647142 35.0063602 33.4489958 
2272647143 35.0032317 33.4639089 
2272647146 35.0585874 33.4824483 
2272647150 35.0084078 33.672338 
2272647151 34.9880222 33.4429826 
2272647153 35.0258055 33.4790258 
2272647154 34.9918799 33.4543283 
2272647157 34.9956892 33.434362 
2272647158 35.0704694 33.510221 
2272647159 35.0280897 33.4795623 
2272647160 35.0215271 33.4518776 
2272647161 35.0607127 33.4833281 
2272647162 35.0372613 33.6640339 
2272647163 35.038904 33.6387246 
2272647167 35.0633824 33.5646527 
2272647168 35.030945 33.4812467 
2272647169 35.0388074 33.6388319 
2272647170 35.0087345 33.4278249 
2272647171 35.0386058 33.6679456 
2272647173 35.0365322 33.6621242 
2272647177 35.0549256 33.4787426 
2272647180 35.0761462 33.5225073 
2272647182 35.0705919 33.4989708 
2272647184 35.0797323 33.5259967 
2272647186 35.0566992 33.4615915 
2272647187 35.0702933 33.5011272 
2272647189 35.0398527 33.6559551 
2272647190 35.0386932 33.6608152 
2272647191 35.0001574 33.4300629 
2272647192 35.0240483 33.4533732 
2272647196 35.0059208 33.4671383 
2272647197 35.0699948 33.5022323 
2272647198 35.0489088 33.6019569 
2272647199 35.0588772 33.5675924 
2272647200 35.0434278 33.6283498 
2272647201 35.0803382 33.5272842 
2272647203 35.0385966 33.641042 
2272647204 35.0382452 33.6651068 
2272647206 35.0283182 33.4407668 
2272647208 35.0342306 33.4667842 
2272647209 35.001002 33.46875 
2272647215 35.0047608 33.6788611 
2272647216 35.0067996 33.668776 
2272647217 35.0804786 33.5278313 
2272647219 35.038781 33.6383491 
2272647220 35.0382188 33.6413209 
2272647221 35.0084254 33.4344475 
2272647223 35.0379641 33.6443143 
2272647226 35.1234537 33.4505837 
2272647227 35.0029856 33.4586625 
2272647228 35.0052405 33.4285963 
2272647229 35.0382628 33.6445825 
2272647233 35.0062196 33.471226 
2272647236 35.1331234 33.4412818 
2272647237 35.1337474 33.4410281 
2272647240 35.0395628 33.6573391 
2272647243 35.1316845 33.4418075 
2272647244 35.1310001 33.442301 
2272647245 35.0047608 33.4608941 
2272647246 35.1303858 33.4430413 
2272647248 35.1289736 33.4449468 
2272647250 35.0979663 33.4685223 
2272647252 35.1278236 33.4460561 
2272647254 35.1272708 33.4462493 
2272647255 35.0015721 33.4677742 
2272647256 35.1269374 33.4460454 
2272647258 35.1264899 33.4447043 
2272647260 35.1258668 33.4433954 
2272647263 35.1254281 33.4431593 
2272647265 35.1251999 33.4451978 
2272647267 35.0391061 33.675267 
2272647270 35.1248577 33.448556 
2272647272 35.0421962 33.5068336 
2272647274 35.0431844 33.5074967 
2272647275 35.0365673 33.4834032 
2272647276 35.0389923 33.6740825 
2272647277 35.0245491 33.4545856 
2272647279 35.1216547 33.4526758 
2272647283 35.0015268 33.4599714 
2272647285 35.0490493 33.6224704 
2272647286 35.0201472 33.453577 
2272647287 35.0032405 33.4800022 
2272647288 35.1140197 33.4519677 
2272647289 35.0214915 33.6253994 
2272647293 35.0091547 33.4754317 
2272647295 35.0401602 33.6348407 
2272647296 35.0175639 33.5911022 
2272647297 35.0383857 33.6448722 
2272647298 35.0471613 33.6240861 
2272647300 35.0174937 33.6437135 
2272647301 35.1212862 33.4529655 
2272647302 35.1139056 33.4507017 
2272647304 35.0485223 33.4652393 
2272647306 35.0179346 33.590297 
2272647308 35.0328342 33.4431121 
2272647310 35.0470379 33.6245947 
2272647311 35.0182127 33.5896147 
2272647312 35.0022386 33.4622567 
2272647314 35.0186623 33.6405914 
2272647315 35.0402129 33.6351948 
2272647317 35.1148447 33.44891 
2272647320 35.0467481 33.624938 
2272647322 35.0212858 33.6244147 
2272647323 35.0192247 33.5882561 
2272647324 35.115538 33.4473007 
2272647325 35.1121591 33.4594779 
2272647326 35.0373316 33.6438422 
2272647328 35.1323162 33.4414535 
2272647329 35.0400021 33.6554079 
2272647331 35.0566729 33.4784894 
2272647333 35.0441133 33.5082794 
2272647334 35.1208737 33.4530621 
2272647335 35.044765 33.5083089 
2272647337 35.0383857 33.6453872 
2272647338 35.0460264 33.5071947 
2272647340 35.0479251 33.4849911 
2272647341 35.0457703 33.5034085 
2272647342 35.0387986 33.6389499 
2272647343 35.0461717 33.506074 
2272647344 35.0026165 33.479219 
2272647345 35.0455174 33.5078695 
2272647346 35.0469852 33.4955483 
2272647347 35.0476264 33.4944325 
2272647348 35.0112725 33.4771054 
2272647349 35.0480392 33.4924583 
2272647351 35.0385087 33.6460416 
2272647352 35.0479075 33.4908383 
2272647353 35.0455037 33.4986154 
2272647354 35.0426549 33.5970967 
2272647355 35.0476703 33.4903984 
2272647356 35.0460107 33.4977541 
2272647357 35.0473014 33.4901838 
2272647358 35.0466778 33.4900765 
2272647359 35.1193994 33.4541242 
2272647360 35.0444468 33.4905915 
2272647362 35.0693801 33.507468 
2272647363 35.0395277 33.4914177 
2272647364 35.042444 33.4910958 
2272647365 35.03915 33.4913747 
2272647366 35.0400635 33.4913533 
2272647367 35.0387371 33.49101 
2272647369 35.0387195 33.6466532 
2272647370 35.03821 33.4906237 
2272647371 35.0130212 33.4763651 
2272647372 35.1183639 33.454725 
2272847915 35.1790798 33.1799829 
2272847916 35.1790351 33.1793869 
2272847917 35.1794284 33.1779181 
2272847923 35.1796244 33.1756393 
2272847929 35.1792052 33.1788451 
2272847944 35.1719854 33.2170279 
2278072146 35.1712967 33.2002306 
2278072147 35.1711722 33.2007652 
2278072148 35.1712222 33.2012826 
2278072149 35.1710564 33.2017989 
2278072150 35.1701987 33.2019284 
2278072151 35.1693249 33.2019762 
2278072152 35.1699937 33.2112663 
2278072153 35.1703381 33.2114752 
2278072154 35.1733752 33.2095328 
2278072155 35.1741213 33.2100384 
2278072156 35.174562 33.2117043 
2278072157 35.169241 33.2222376 
2278072158 35.1698378 33.2201511 
2278072159 35.1684681 33.223583 
2278072160 35.1688823 33.2232906 
2278072161 35.1678381 33.2242101 
2278072162 35.1674375 33.2247495 
2278072163 35.1663697 33.2275985 
2278072164 35.1659746 33.2281899 
2278072174 35.1726486 33.1968092 
2278072175 35.1667534 33.2264157 
2278072177 35.1696637 33.2020693 
2278072178 35.173795 33.1909695 
2278072186 35.1749413 33.1893556 
2278072189 35.1731138 33.1933129 
2278072190 35.1730553 33.1958232 
2278072191 35.171981 33.1995804 
2278072192 35.1734355 33.198665 
2278105770 35.1363802 33.2700793 
2278105772 35.1311493 33.274442 
2278105774 35.1341582 33.2716981 
2278105776 35.149311 33.2581998 
2278105778 35.132696 33.2786243 
2278105780 35.1309034 33.2802259 
2278105782 35.1368128 33.2678984 
2278105784 35.1322406 33.2836245 
2278105787 35.1307064 33.2805899 
2278105789 35.146009 33.2578678 
2278105791 35.1294698 33.2829683 
2278105793 35.1347891 33.2708322 
2278105795 35.1367086 33.2668124 
2278105798 35.1495641 33.2581167 
2278105800 35.1352319 33.2706364 
2278105803 35.1624867 33.3099303 
2278105805 35.1614307 33.3087717 
2278105807 35.14219 33.2970397 
2278105810 35.1551546 33.2995474 
2278105812 35.1318794 33.2838419 
2278105814 35.1425445 33.2583144 
2278105816 35.132354 33.2732999 
2278105819 35.1482482 33.2564607 
2278105821 35.1449617 33.2578171 
2278105823 35.1316994 33.2828805 
2278105828 35.1340033 33.2719075 
2278105830 35.131774 33.2738838 
2278105833 35.1279022 33.2883524 
2278105835 35.1361015 33.293659 
2278105837 35.1430792 33.3009116 
2278105839 35.1315064 33.2797739 
2278105841 35.1365011 33.2659284 
2278105843 35.136455 33.2647265 
2278105845 35.1308009 33.2803576 
2278105848 35.1343374 33.2713059 
2278105851 35.130774 33.2812867 
2278105853 35.1491601 33.2579064 
2278105855 35.1498924 33.2578206 
2278105857 35.1328544 33.2782649 
2278105859 35.1357987 33.2704369 
2278105861 35.1366985 33.2636112 
2278105864 35.1325244 33.2788901 
2278105866 35.1315944 33.2761626 
2278105868 35.153865 33.2974831 
2278105870 35.1433957 33.2579434 
2278105872 35.1366941 33.2631869 
2278105873 35.1505591 33.2545338 
2278105875 35.1381587 33.2618157 
2278105877 35.1304119 33.2831421 
2278105879 35.1315127 33.2835059 
2278105881 35.1311076 33.2833488 
2278105883 35.1313009 33.2754652 
2278105885 35.1469676 33.2577114 
2278105888 35.1366575 33.2695467 
2278105890 35.1312436 33.2820592 
2278105892 35.1336596 33.2721106 
2278105895 35.1472389 33.2576001 
2278105896 35.1311445 33.274851 
2278105898 35.1310898 33.2818778 
2278105901 35.1320302 33.2768498 
2278105903 35.1316242 33.283713 
2278105905 35.1644328 33.3137595 
2278105907 35.147646 33.2570755 
2278105909 35.1367759 33.2688238 
2278105911 35.1306588 33.2808809 
2278105913 35.132068 33.283806 
2278105915 35.1632741 33.3135833 
2278105918 35.1644442 33.3139053 
2278105920 35.1638625 33.3137597 
2278105922 35.1638072 33.3121121 
2278105924 35.1634247 33.3117793 
2278105926 35.1632813 33.3133973 
2278105928 35.1629139 33.3114111 
2278105931 35.1629713 33.3114311 
2278105934 35.1625413 33.3111409 
2278105936 35.16225 33.3109069 
2278105938 35.1630482 33.3115027 
2278105940 35.162287 33.3092311 
2278105942 35.162338 33.3110044 
2278105945 35.1610904 33.3086431 
2278105947 35.1606044 33.3083414 
2278105949 35.1617111 33.3089661 
2278105951 35.1602867 33.3065891 
2278105953 35.1606682 33.30854 
2278105955 35.1621064 33.3103821 
2278105957 35.1312923 33.2742419 
2278105959 35.1317182 33.2837154 
2278105961 35.1600072 33.3060844 
2278105963 35.1598266 33.3049988 
2278105965 35.1597985 33.3043443 
2278105967 35.1595726 33.3038493 
2278105970 35.1592009 33.3032692 
2278105972 35.1589417 33.3028837 
2278105974 35.158818 33.3026727 
2278105976 35.1587045 33.3022548 
2278105978 35.1587731 33.3024292 
2278105981 35.1585987 33.3018241 
2278105983 35.1573478 33.3010344 
2278105986 35.156546 33.3016658 
2278105988 35.1565568 33.3010634 
2278105990 35.1557266 33.3002565 
2278105993 35.1562476 33.3006199 
2278105995 35.15472 33.2988428 
2278105996 35.1535627 33.297059 
2278105997 35.1530812 33.2964629 
2278105998 35.1521152 33.2956603 
2278106000 35.1515309 33.2953982 
2278106002 35.1508476 33.2951526 
2278106003 35.1502493 33.2950573 
2278106004 35.1496378 33.2957776 
2278106007 35.1486789 33.2958045 
2278106008 35.1485686 33.295892 
2278106010 35.1480594 33.2963788 
2278106013 35.1472873 33.2973327 
2278106015 35.1468319 33.2976136 
2278106016 35.1466146 33.2974764 
2278106018 35.1470554 33.2975179 
2278106020 35.1464893 33.2974529 
2278106022 35.1448854 33.2996385 
2278106033 35.1440325 33.3007905 
2278106035 35.142693 33.3009494 
2278106037 35.1419407 33.3009824 
2278106039 35.1419231 33.2995212 
2278106041 35.1427131 33.2991493 
2278106043 35.14291 33.2989144 
2278106045 35.1431147 33.2982648 
2278106047 35.1430952 33.2984889 
2278106050 35.1429093 33.2977306 
2278106052 35.1430543 33.2980658 
2278106054 35.1420101 33.2969465 
2278106056 35.1413416 33.2966812 
2278106058 35.1415061 33.2960914 
2278106060 35.1417634 33.2960036 
2278106062 35.1412738 33.2962991 
2278106064 35.1413873 33.2962175 
2278106066 35.1424377 33.2954251 
2278106069 35.1412917 33.2965505 
2278106071 35.142457 33.2951905 
2278106073 35.1423709 33.2947794 
2278106075 35.1420184 33.2944181 
2278106077 35.1419642 33.2958575 
2278106079 35.1416236 33.294221 
2278106081 35.1391815 33.2942789 
2278106085 35.1413127 33.2941228 
2278106087 35.139094 33.2944794 
2278106089 35.1381505 33.2953977 
2278106091 35.1378185 33.2952363 
2278106093 35.1393766 33.2939979 
2278106095 35.1371371 33.2947885 
2278106098 35.1384822 33.2955131 
2278106100 35.1354519 33.2929176 
2278106103 35.1390365 33.2948494 
2278106105 35.1395596 33.2938691 
2278106107 35.1387298 33.2955098 
2278106109 35.1312755 33.2895409 
2278106111 35.1344214 33.2918165 
2278106113 35.1280452 33.2887086 
2278106114 35.1284259 33.2894088 
2278106116 35.1510927 33.2537291 
2278106117 35.1278547 33.2877011 
2278106118 35.1277639 33.2875989 
2278106119 35.1278885 33.2880228 
2278106120 35.1280263 33.286828 
2278106121 35.1282926 33.2861782 
2278106122 35.1277775 33.2873278 
2278106123 35.1285674 33.2851609 
2278106124 35.1285554 33.2849488 
2278106125 35.1279506 33.2843236 
2278106126 35.128418 33.2847344 
2278106128 35.127893 33.2841984 
2278106129 35.1282744 33.2845515 
2278106130 35.1280965 33.284396 
2278106131 35.1276375 33.2834256 
2278106132 35.1310193 33.2894763 
2278106133 35.1278273 33.2831889 
2278106134 35.1278649 33.2842698 
2278106135 35.1329592 33.2775506 
2278106137 35.1277388 33.2838792 
2278106138 35.1487044 33.2562692 
2278106139 35.1361839 33.2702768 
2278106140 35.128005 33.2844176 
2278106141 35.1392405 33.261132 
2278106142 35.128073 33.2831807 
2278106143 35.1286212 33.2829861 
2278106144 35.151696 33.2537932 
2278106146 35.1289721 33.2830012 
2278120762 35.1757216 33.3559134 
2278120764 35.175389 33.3562471 
2278120767 35.1754068 33.3560499 
2278120768 35.1739745 33.3570195 
2278120771 35.1735144 33.3571728 
2278120773 35.1734356 33.3561725 
2278120774 35.1740534 33.3559869 
2278120775 35.1735104 33.3563071 
2278120776 35.1741963 33.3586272 
2278120777 35.1736439 33.356355 
2278120778 35.1733278 33.3572046 
2278120779 35.1748054 33.3551012 
2278120780 35.1742185 33.3582224 
2278120782 35.1757049 33.3557408 
2278120784 35.1757425 33.3558304 
2278120786 35.1739923 33.3560867 
2278120788 35.1737314 33.3563526 
2278120790 35.1737997 33.3564246 
2278120792 35.1740363 33.3562107 
2278120794 35.1739174 33.3566302 
2278120796 35.1741069 33.3562618 
2278120801 35.1739885 33.35694 
2278120803 35.1741815 33.3562483 
2278120806 35.1737371 33.3588369 
2278120808 35.1742812 33.3562206 
2278120810 35.1755925 33.3560057 
2278120812 35.1734062 33.3576068 
2278120814 35.1734534 33.3586969 
2278120816 35.1743341 33.3563981 
2278120819 35.1739928 33.3565784 
2278120821 35.1732564 33.3586227 
2278120823 35.1740168 33.3566911 
2278120826 35.1742844 33.3581927 
2278120828 35.1733966 33.35789 
2278120831 35.1740866 33.3568811 
2278120833 35.1741041 33.3570486 
2278120836 35.1734311 33.358037 
2278120837 35.1738174 33.3570962 
2278120838 35.1732811 33.3584766 
2278158346 35.1259174 33.4303923 
2278158348 35.1773864 33.3711432 
2278158352 35.1345905 33.4199894 
2278158354 35.1341124 33.4202045 
2278158356 35.1337923 33.4208951 
2278158360 35.177396 33.3712689 
2278158362 35.1272468 33.4285169 
2278158364 35.1249082 33.4333999 
2278158365 35.1536406 33.4192665 
2278158366 35.133793 33.4216571 
2278158367 35.1336162 33.4225535 
2278158368 35.1332176 33.4229814 
2278158369 35.1321064 33.4230884 
2278158370 35.1314255 33.4233429 
2278158371 35.130464 33.424783 
2278158372 35.129379 33.4259186 
2278158374 35.1283908 33.4270237 
2278158375 35.1534125 33.4193942 
2278158376 35.1241887 33.4351782 
2278158377 35.1530796 33.4194274 
2278158378 35.1522247 33.418825 
2278158380 35.1519699 33.4183234 
2278158382 35.1489682 33.4184235 
2278158383 35.1473488 33.4189033 
2278158385 35.1352973 33.4188204 
2278158386 35.1350545 33.4195175 
2278162011 34.99372 33.4547114 
2278162012 34.9945 33.4550965 
2278162013 34.9957419 33.4561555 
2278162014 34.9972984 33.4564049 
2278162015 34.9990386 33.4591365 
2278162016 35.0006113 33.4585528 
2278202813 35.0337574 33.5661655 
2278202815 35.0245806 33.6084813 
2278202817 35.0341716 33.5052474 
2278202819 35.0234999 33.6061532 
2278202821 35.0309688 33.5676187 
2278202823 35.0346012 33.5691679 
2278202824 35.0229464 33.61803 
2278202826 35.0037817 33.693915 
2278202829 35.0237547 33.6065823 
2278202830 35.0321983 33.5662816 
2278202832 35.0242819 33.6069471 
2278202833 35.0032983 33.6887437 
2278202840 35.0033159 33.6922306 
2278202842 35.0316321 33.5666638 
2278202844 35.0032632 33.6970586 
2278202848 34.9984647 33.7043649 
2278202850 35.0238979 33.5074425 
2278202852 34.998245 33.7052983 
2278202854 35.0245103 33.6102838 
2278202855 35.0261721 33.5058686 
2278202857 35.0247124 33.6098332 
2278202859 35.0212682 33.6012179 
2278202861 35.0341281 33.566689 
2278202863 35.0275967 33.50547 
2278202864 35.0227794 33.6197788 
2278202867 35.0229727 33.613717 
2278202871 35.0240798 33.6106378 
2278202873 35.0330952 33.5660981 
2278202877 35.0291996 33.5051562 
2278202879 35.0246245 33.6092109 
2278202880 35.0174501 33.5921032 
2278202881 35.0037026 33.6936468 
2278202882 35.0245806 33.6076874 
2278202883 35.0021647 33.6985606 
2278202889 35.0228937 33.6154229 
2278202891 34.9987675 33.702578 
2278202893 35.029763 33.5682726 
2278202895 35.0141071 33.5263843 
2278202896 35.0138892 33.5274416 
2278202899 35.0137552 33.5292038 
2278202901 35.0305574 33.5046434 
2278202902 35.0138547 33.5305752 
2278202904 35.0174285 33.5916156 
2278202907 35.0188695 33.5960681 
2278202909 34.9979462 33.7062317 
2278202911 35.0220972 33.5099847 
2278202913 35.0224192 33.62068 
2278202915 34.9965136 33.7100941 
2278202917 35.0033423 33.6978203 
2278202919 35.0336463 33.5049727 
2278202921 35.0038081 33.6945373 
2278202927 35.0161391 33.5204646 
2278202931 35.0218569 33.6218065 
2278202934 35.013829 33.5320298 
2278202935 35.0139057 33.5350296 
2278202936 35.0138455 33.5366966 
2278202937 35.0138721 33.5389676 
2278202938 35.0140594 33.5410356 
2278202939 35.0140963 33.5421286 
2278202941 35.014055 33.543747 
2278202943 35.0141212 33.5452472 
2278202945 35.0143143 33.5473143 
2278202947 35.0149166 33.5503646 
2278202949 35.0157518 33.552307 
2278202951 35.023289 33.6119038 
2278202953 35.003272 33.6982066 
2278202955 35.0197218 33.5976345 
2278202957 35.016911 33.5552523 
2278202959 35.0183788 33.5586271 
2278202961 35.0191863 33.5600884 
2278202963 35.0202675 33.5629127 
2278202965 35.0209921 33.5642874 
2278202966 35.0019381 33.4702695 
2278202970 35.0217306 33.5664482 
2278202972 35.0016866 33.4708502 
2278202973 35.0223017 33.5683316 
2278202975 35.0213034 33.6224932 
2278202977 35.0034956 33.695379 
2278202983 35.0159695 33.5211127 
2278202984 35.0212507 33.6235983 
2278202986 35.0225598 33.6037177 
2278202989 35.0247774 33.506559 
2278202990 35.0024722 33.6985928 
2278202991 35.0161215 33.5215203 
2278202997 35.0321256 33.5047925 
2278202999 35.0170002 33.522722 
2278203002 35.0010582 33.4708467 
2278203004 35.0234219 33.5699527 
2278203006 35.0174057 33.5234027 
2278203008 35.0229558 33.569438 
2278203010 35.0253197 33.5700158 
2278203012 35.0265146 33.569651 
2278203014 35.0006012 33.4709199 
2278203016 35.0176421 33.5239536 
2278203018 35.0003195 33.4714406 
2278203020 35.0174505 33.5244563 
2278203021 35.000175 33.4721626 
2278203024 35.0001616 33.4744709 
2278203026 35.0398605 33.505955 
2278203028 35.0373244 33.5055102 
2278203031 35.04552 33.5001517 
2278203033 35.0171254 33.524607 
2278203035 35.0346592 33.5052109 
2278203038 35.0167656 33.5245411 
2278203039 35.0161035 33.5244912 
2278203041 35.0152411 33.5248688 
2278203043 35.03119 33.5046112 
2278203044 35.0146642 33.5253044 
2375137214 35.1742645 33.3610154 
2375137215 35.174282 33.3613587 
2375159536 35.1697206 33.363691 
2375159538 35.1698977 33.3628224 
2375159540 35.1698198 33.3630126 
2375208415 35.1706512 33.361826 
2375210310 35.1710371 33.3626945 
2416351363 35.1868776 33.3745355 
2416351365 35.1871705 33.375062 
2416351366 35.1872419 33.3750992 
2416351373 35.1881181 33.3752061 
2416351375 35.1883686 33.3749462 
2416351377 35.1884579 33.3748282 
2416351380 35.1889826 33.3746276 
2416351385 35.1896705 33.3743486 
2416351391 35.1899307 33.3743464 
2416351393 35.1900317 33.3744097 
2416351394 35.1902615 33.3745333 
2416351396 35.1903169 33.3745663 
2416351397 35.1904188 33.3772117 
2416351398 35.1903921 33.3747092 
2416351400 35.1905574 33.3748675 
2416351401 35.1906009 33.3761501 
2416351403 35.1906125 33.3753352 
2449984977 35.175111 33.3662653 
2460210327 35.1884452 33.3959081 
2460210337 35.1887483 33.3957774 
2460210346 35.1888868 33.3956008 
2460210347 35.1922968 33.3922374 
2494870691 35.1745769 33.3618313 
2494870692 35.1747488 33.361822 
2494870693 35.1765529 33.3676309 
2494870694 35.1767376 33.3677847 
2494870701 35.1769201 33.3678583 
2494870732 35.1775677 33.3684981 
2494870758 35.1778737 33.3696967 
2494870763 35.1779442 33.3686544 
2494870836 35.1781297 33.3701823 
2494870875 35.178386 33.3701746 
2494870877 35.1783927 33.3706146 
2494870894 35.1786626 33.3707099 
2494870895 35.1787738 33.3708787 
2494870902 35.1789264 33.3707576 
2494870904 35.1789976 33.3707576 
2494870905 35.1790855 33.3708624 
2494870907 35.1793059 33.3719411 
2494870909 35.1793107 33.3716961 
2494870917 35.1805211 33.3726724 
2494870919 35.1807429 33.37274 
2494870921 35.180747 33.3721766 
2494870923 35.1808051 33.372765 
2494870931 35.1808633 33.3727708 
2494870939 35.1808814 33.3727294 
2497401891 35.1763405 33.3673847 
2497401896 35.1763693 33.3674689 
2497401911 35.1769224 33.3683844 
2497613039 35.1870372 33.398818 
2497613040 35.1919032 33.398215 
2528228564 35.1888002 33.3745952 
2528228567 35.1888066 33.3746153 
2528228570 35.1888729 33.374617 
2528228573 35.1888862 33.3745897 
2528228578 35.1892554 33.3744652 
2528228593 35.1896657 33.3744979 
2528228595 35.1896704 33.3743914 
2528228596 35.1896781 33.3744021 
2528228598 35.1896798 33.3745373 
2528228600 35.1901285 33.3744561 
2528228602 35.190203 33.3744846 
2528228604 35.1902176 33.3744826 
2528228606 35.1902255 33.3744973 
2528228608 35.1902409 33.3744843 
2528228610 35.1903398 33.3746267 
2528228611 35.1903482 33.37466 
2528228613 35.1903688 33.3746939 
2528228615 35.1904099 33.3747369 
2528228617 35.1904363 33.3766024 
2528228619 35.1904493 33.3747653 
2528228620 35.1904523 33.374732 
2528228622 35.1904989 33.3747314 
2528228624 35.1904989 33.3747417 
2528228625 35.1905328 33.3748518 
2528228627 35.1905352 33.3748119 
2528228629 35.1905356 33.3774955 
2528228631 35.1905406 33.3747713 
2528228632 35.1905431 33.3748101 
2528228639 35.1905557 33.3763206 
2528228641 35.1905945 33.3755233 
2528228642 35.1905962 33.3759484 
2528228644 35.1905979 33.3753552 
2528228646 35.1905983 33.3758626 
2528228647 35.1905988 33.376015 
2528228649 35.1906026 33.3755204 
2528228651 35.1906065 33.3760056 
2528228652 35.1906073 33.3759538 
2528228654 35.1906103 33.3758083 
2528228656 35.1906103 33.3761527 
2528228657 35.1906103 33.3762075 
2528228659 35.1906106 33.3751768 
2528228661 35.1906116 33.3758336 
2528228662 35.1906129 33.3756641 
2528228664 35.190624 33.3757694 
2528228665 35.1906257 33.3756748 
2528228667 35.1906317 33.3757249 
2528228669 35.1906321 33.3756954 
2528228670 35.1906421 33.3752784 
2528228672 35.1906469 33.3783959 
2528228674 35.1907014 33.3781236 
2528228676 35.1907231 33.3778392 
2528228677 35.1907425 33.378454 
2528228679 35.1907566 33.3783724 
2528228681 35.1908732 33.3784189 
2528228683 35.1908926 33.3785871 
2528233987 35.188652 33.3739973 
2528238405 35.190316 33.3740325 
2528238413 35.190845 33.3783862 
2528238417 35.1908692 33.3783995 
2578817638 35.1745373 33.3615959 
2578817639 35.1744606 33.3615932 
2578817640 35.1744698 33.3617027 
2578817641 35.174579 33.3616844 
2578817642 35.1745921 33.3616361 
2578817643 35.1745395 33.3616254 
2598468104 35.17 33.3625 
2598552133 35.1722787 33.361213 
2598556498 35.1714161 33.3634534 
2598568688 35.172178 33.3654866 
2668662385 34.9996941 33.7014823 
2668662386 35.0003872 33.7006627 
2713896810 35.1740542 33.3587829 
2858267234 35.0178349 33.5931782 
2890386605 35.1894562 33.4025653 
2890386802 35.1886679 33.400512 
2890387301 35.1893382 33.4023494 
3129815637 35.1738438 33.3613769 
3129824716 35.173999 33.3613894 
3265453902 35.1471286 33.4285044 
3265458740 35.1426321 33.4347427 
3426950349 35.1604511 33.3070561 
3431449152 35.1931815 33.3819261 
3431449153 35.1932392 33.3820479 
3431449154 35.1932839 33.3822597 
3431449155 35.1932883 33.3825687 
3431449156 35.193294 33.3837407 
3431449157 35.1933243 33.382378 
3431449158 35.1933388 33.3830947 
3431449159 35.1933402 33.3842862 
3431449160 35.1933633 33.383273 
3431449161 35.1934138 33.3838572 
3431449162 35.1934614 33.384498 
3431449163 35.1934801 33.3839384 
3431449164 35.1936056 33.3846357 
3431449165 35.1937153 33.3847275 
3431449166 35.1941422 33.3848722 
3431449167 35.1942865 33.3848687 
3431449168 35.1943355 33.3848299 
3431449169 35.1944221 33.3848828 
3431449170 35.1944856 33.3851854 
3431449171 35.1945625 33.385829 
3431449172 35.1945635 33.3855684 
3431449173 35.1947457 33.3859985 
3431449174 35.1949303 33.3860055 
3431449175 35.1950573 33.3860285 
3431449176 35.1951352 33.3860744 
3431449177 35.1951943 33.3864415 
3431449178 35.1954814 33.38725 
3735567657 35.1745034 33.3617019 
3735567658 35.1744123 33.3617424 
3735567659 35.1745144 33.3616829 
3822213358 35.1705474 33.3658326 
3822213359 35.1700957 33.3653967 
3822213360 35.1710422 33.3649344 
3822216657 35.1703672 33.3647069 
3822216658 35.1704357 33.3653745 
3822216659 35.1703314 33.3653879 
3822216660 35.1710701 33.3647951 
3822216757 35.1704777 33.3656612 
3822216857 35.171036 33.365096 
4020512442 35.1699376 33.3610909 
4020512443 35.1700088 33.3609614 
4020512444 35.1701434 33.3612367 
4020512445 35.1701492 33.3606939 
4020512446 35.1701818 33.3612638 
4020512447 35.1702265 33.3605359 
4020512448 35.1702438 33.3611195 
4020512449 35.1702656 33.3613092 
4020512452 35.1703282 33.3607959 
4020512455 35.1703943 33.3606354 
4020512456 35.170433 33.3607586 
4020512460 35.1705113 33.3605931 
4020512461 35.1705428 33.360781 
4020512464 35.1705588 33.3606087 
4020514819 35.1710047 33.3590425 
4020514834 35.171112 33.358866 
4020514855 35.1733416 33.3622042 
4020514856 35.1733899 33.362216 
4020514857 35.1737128 33.3623391 
4020514858 35.1737636 33.3623482 
4020514859 35.1740369 33.3621196 
4020514860 35.1740624 33.3621096 
4020514861 35.1740756 33.3614842 
4020514862 35.1743597 33.3629097 
4020514863 35.1743629 33.3624233 
4020514864 35.1745332 33.3629114 
4020514865 35.1745364 33.362425 
4020514878 35.1754022 33.361561 
4026885166 35.1700434 33.3610696 
4026885167 35.1701194 33.3611244 
4026885168 35.1702961 33.361066 
4026885169 35.1702981 33.3610338 
4026885170 35.1703088 33.3610923 
4026885171 35.1704004 33.3608192 
4026885172 35.170496 33.3609516 
4026885173 35.1705106 33.3608335 
4026885174 35.1705983 33.3611173 
4026885175 35.1706158 33.3609695 
4026885176 35.1707504 33.3611352 
4026885177 35.170766 33.3609909 
4026885178 35.1709005 33.3610017 
4026885179 35.1709063 33.3608776 
4026885180 35.1710623 33.3611686 
4026885181 35.1710788 33.3609147 
4026885182 35.1710798 33.3608991 
4026885183 35.1712192 33.3609277 
4026885184 35.1712426 33.3611901 
4026885185 35.1712641 33.3611555 
4026885186 35.1713089 33.3609349 
4026885187 35.1713557 33.3612091 
4026885188 35.1714152 33.3612115 
4026885189 35.1714239 33.3610434 
4026885190 35.171457 33.3610464 
4026885191 35.1714571 33.3610708 
4026885192 35.1714883 33.3610696 
4026885193 35.1714893 33.3610851 
4026885194 35.1715165 33.3610517 
4026885195 35.1715253 33.3609635 
4026885196 35.171538 33.3612223 
4026885197 35.1715419 33.3610863 
4026885198 35.1715906 33.3610994 
4026885199 35.1716179 33.3610649 
4026885200 35.1716764 33.3612378 
4026885201 35.1717232 33.3610971 
4026885202 35.171729 33.3612401 
4026885203 35.1718704 33.3608538 
4026885204 35.1718948 33.3611901 
4026885205 35.1719143 33.3612604 
4026885206 35.1719221 33.3610577 
4026885207 35.1719221 33.3611972 
4026885208 35.1719591 33.3609027 
4026885209 35.1719727 33.361072 
4026885210 35.171995 33.3609988 
4026885211 35.172001 33.360979 
4026885212 35.1720792 33.3611027 
4026885213 35.1721082 33.3612258 
4026885214 35.1721287 33.3611638 
4026885215 35.1721628 33.3612843 
4026885216 35.1721657 33.3612533 
4026885217 35.1721784 33.36075 
4026885218 35.1722008 33.3606224 
4026885219 35.1722008 33.36127 
4026885220 35.1722184 33.3607584 
4026885221 35.1722486 33.3612688 
4026885222 35.1722622 33.3606368 
4026885223 35.1722876 33.3612795 
4026885224 35.1723227 33.361301 
4026885225 35.1723646 33.3610982 
4026885226 35.1724094 33.3611913 
4026885227 35.1724289 33.3611364 
4026885228 35.172464 33.3608311 
4026885229 35.1724845 33.3610005 
4026885230 35.1724874 33.3613105 
4026885231 35.1724962 33.3611996 
4026885232 35.1725098 33.3609206 
4026885233 35.1725215 33.3608383 
4026885234 35.172542 33.3607548 
4026885235 35.172543 33.3610315 
4026885236 35.1725615 33.3613177 
4026885237 35.1725781 33.3609218 
4026885238 35.1725917 33.3608287 
4026885239 35.1726171 33.3607727 
4026885240 35.1726414 33.3608645 
4026885241 35.172658 33.3613212 
4026885242 35.1726609 33.3607977 
4026885243 35.1726879 33.3610813 
4026885244 35.1726941 33.3610315 
4026885245 35.1727214 33.3610338 
4026885246 35.1727487 33.3609253 
4026885247 35.1728335 33.3611996 
4026885248 35.1728724 33.361357 
4026885249 35.1728978 33.3612127 
4026885250 35.1729095 33.3613666 
4026885251 35.1729348 33.3612485 
4026885252 35.1730187 33.3613749 
4026885253 35.1730245 33.361264 
4026885254 35.1730304 33.3612163 
4026885255 35.1731366 33.3613737 
4026885256 35.1731532 33.3612378 
4026885257 35.1734474 33.3652427 
4026885258 35.1734492 33.3668436 
4026885259 35.1734719 33.3613988 
4026885260 35.1734817 33.361264 
4026885261 35.1735195 33.3647991 
4026885262 35.1735645 33.3612008 
4026885263 35.1735674 33.3614107 
4026885264 35.1736267 33.3654645 
4026885265 35.1736345 33.3652952 
4026885266 35.1737205 33.3613344 
4026885267 35.1737371 33.3612294 
4026885268 35.1737419 33.3614357 
4026885269 35.1737575 33.3613439 
4026885270 35.1737877 33.3614369 
4026885271 35.173815 33.3612378 
4026885272 35.1738217 33.3655432 
4026885273 35.1738813 33.3612783 
4026885274 35.1738833 33.3612437 
4026885275 35.1739133 33.3648945 
4026885276 35.1739242 33.3613511 
4026885277 35.1739281 33.3612855 
4026885278 35.1739369 33.3609718 
4026885279 35.1739378 33.3609325 
4026885280 35.1739456 33.3613129 
4026885281 35.1739466 33.3613582 
4026885282 35.1739495 33.3612068 
4026885283 35.1739525 33.3614369 
4026885284 35.1739573 33.3610649 
4026885285 35.1739651 33.3613522 
4026885286 35.1739681 33.3613129 
4026885287 35.1739888 33.3610672 
4026885288 35.1739944 33.360979 
4026885289 35.174011 33.3612819 
4026885290 35.174011 33.3613344 
4026885291 35.1740451 33.3612843 
4026885292 35.1740529 33.361072 
4026885293 35.1740616 33.3613367 
4026885294 35.1740655 33.3614381 
4026885295 35.1742615 33.3613224 
4026885296 35.1742673 33.3614405 
4026885297 35.1743034 33.3613153 
4026885298 35.1743063 33.3611233 
4026885299 35.1743063 33.361258 
4026885300 35.1743131 33.3613534 
4026885301 35.174318 33.3609671 
4026885302 35.174358 33.3612545 
4026885303 35.1743638 33.3611257 
4026885304 35.1743658 33.3613594 
4026885305 35.1743716 33.3614381 
4026885306 35.174473 33.3612246 
4026885307 35.174509 33.361233 
4026885308 35.17451 33.3609862 
4026885309 35.1745276 33.3614536 
4026885310 35.1745305 33.3610708 
4026885311 35.1745393 33.3612282 
4026885312 35.1745763 33.3612306 
4026885313 35.1745831 33.3610696 
4048359389 35.171275 33.361277 
4064901689 35.171314 33.362199 
4081727850 35.1721106 33.3643579 
4081727851 35.1722098 33.3638863 
4081727852 35.1722564 33.3650061 
4096030983 35.1699904 33.3616757 
4161996578 35.1697354 33.3646256 
4217261192 35.1700937 33.3617695 
4273070192 35.1744103 33.3614962 
4338033575 35.1753937 33.3559903 
4338033576 35.175369 33.3561712 
4338033580 35.1742348 33.3561457 
4338033581 35.1740556 33.3562247 
4338033582 35.1743985 33.3555725 
4338033583 35.1747875 33.3551449 
4341162597 35.1742003 33.3614748 
4341503689 35.1731858 33.3613814 
4343933714 35.1702495 33.3612351 
4344774198 35.1728933 33.361134 
4353912903 35.173454 33.3614391 
